frame cameraID r1,1 r1,2 r1,3 t1 r2,1 r2,2 r2,3 t2 r3,1 r3,2 r3,3 t3 0 0 0 1
0 0 0.2503894 0.07217909 -0.9654508 7.271353 -0.01963993 0.9973904 0.06947336 112.4194 0.967946 0.001565997 0.2511536 -0.5742712 0 0 0 1
0 1 0.2503894 0.07217909 -0.9654508 6.738628 -0.01963993 0.9973904 0.06947336 112.4194 0.967946 0.001565997 0.2511536 -0.5742713 0 0 0 1
1 0 0.250605 0.0730738 -0.9653277 6.779217 -0.01824141 0.9973266 0.0707605 112.455 0.9679176 -0.000124 0.251268 -1.77731 0 0 0 1
1 1 0.250605 0.0730738 -0.9653277 6.246493 -0.01824141 0.9973266 0.0707605 112.455 0.9679176 -0.000124 0.251268 -1.777309 0 0 0 1
2 0 0.2504388 0.0697132 -0.9656193 5.863638 -0.01995345 0.9975639 0.06684441 112.5214 0.9679268 0.002526999 0.2512197 -2.40778 0 0 0 1
2 1 0.2504388 0.0697132 -0.9656193 5.330913 -0.01995345 0.9975639 0.06684441 112.5214 0.9679268 0.002526999 0.2512197 -2.40778 0 0 0 1
3 0 0.2503163 0.06922305 -0.9656864 5.268507 -0.02384976 0.9975789 0.06532708 112.577 0.9678704 0.006678952 0.2513611 -2.865738 0 0 0 1
3 1 0.2503163 0.06922305 -0.9656864 4.735781 -0.02384976 0.9975789 0.06532708 112.577 0.9678704 0.006678952 0.2513611 -2.865739 0 0 0 1
4 0 0.2505322 0.0687261 -0.9656658 4.616035 -0.02581765 0.9975966 0.06430048 112.6356 0.967764 0.008821882 0.2517044 -3.639741 0 0 0 1
4 1 0.2505322 0.0687261 -0.9656658 4.08331 -0.02581765 0.9975966 0.06430048 112.6356 0.967764 0.008821882 0.2517044 -3.639741 0 0 0 1
5 0 0.2506862 0.06907684 -0.9656007 4.11538 -0.02654717 0.9975664 0.06447149 112.6824 0.9677043 0.009471854 0.25191 -4.486871 0 0 0 1
5 1 0.2506862 0.06907684 -0.9656007 3.582655 -0.02654717 0.9975664 0.06447149 112.6825 0.9677043 0.009471854 0.25191 -4.486871 0 0 0 1
6 0 0.2509552 0.07004397 -0.9654612 3.630855 -0.02601962 0.9975063 0.06560548 112.7252 0.9676489 0.008656895 0.2521519 -5.588616 0 0 0 1
6 1 0.2509552 0.07004397 -0.9654612 3.09813 -0.02601962 0.9975063 0.06560548 112.7252 0.9676489 0.008656895 0.2521519 -5.588616 0 0 0 1
7 0 0.2511805 0.06970146 -0.9654275 3.05647 -0.0248491 0.9975395 0.06555475 112.7644 0.9676213 0.00752393 0.2522945 -6.640359 0 0 0 1
7 1 0.2511805 0.06970146 -0.9654275 2.523746 -0.0248491 0.9975395 0.06555475 112.7644 0.9676213 0.00752393 0.2522945 -6.640359 0 0 0 1
8 0 0.2513089 0.06916812 -0.9654324 2.465855 -0.02403198 0.9975818 0.06521576 112.8044 0.9676086 0.006811945 0.2523634 -7.655171 0 0 0 1
8 1 0.2513089 0.06916812 -0.9654324 1.933129 -0.02403198 0.9975818 0.06521576 112.8044 0.9676086 0.006811945 0.2523634 -7.655171 0 0 0 1
9 0 0.2515625 0.06806991 -0.9654444 1.759028 -0.02343682 0.9976596 0.06423444 112.8508 0.9675573 0.006467955 0.2525691 -8.721834 0 0 0 1
9 1 0.2515625 0.06806991 -0.9654444 1.226304 -0.02343682 0.9976596 0.06423444 112.8508 0.9675573 0.006467955 0.2525691 -8.721834 0 0 0 1
10 0 0.2516514 0.06742696 -0.9654664 1.148155 -0.02419208 0.9976967 0.06337216 112.9033 0.9675156 0.007408936 0.252703 -9.539957 0 0 0 1
10 1 0.2516514 0.06742696 -0.9654664 0.6154306 -0.02419208 0.9976967 0.06337216 112.9033 0.9675156 0.007408936 0.252703 -9.539958 0 0 0 1
11 0 0.2515647 0.06772284 -0.9654681 0.6229136 -0.02502174 0.9976705 0.06346196 112.9559 0.967517 0.008192908 0.2526732 -10.36591 0 0 0 1
11 1 0.2515647 0.06772284 -0.9654681 0.0901885 -0.02502174 0.9976705 0.06346196 112.9559 0.967517 0.008192908 0.2526732 -10.36591 0 0 0 1
12 0 0.251641 0.06599703 -0.9655679 -0.1717031 -0.02411262 0.9977901 0.06191535 112.999 0.9675203 0.007701926 0.2526762 -11.42194 0 0 0 1
12 1 0.251641 0.06599703 -0.9655679 -0.704428 -0.02411262 0.9977901 0.06191535 112.999 0.9675203 0.007701926 0.2526762 -11.42194 0 0 0 1
13 0 0.2515616 0.06695717 -0.9655225 -0.6123686 -0.02378867 0.9977304 0.06299272 113.0358 0.9675489 0.007121939 0.2525836 -12.39281 0 0 0 1
13 1 0.2515616 0.06695717 -0.9655225 -1.145093 -0.02378867 0.9977304 0.06299272 113.0358 0.9675489 0.007121939 0.2525836 -12.39281 0 0 0 1
14 0 0.2516801 0.0666533 -0.9655126 -1.190385 -0.02475876 0.9977425 0.06242441 113.0926 0.9674938 0.008193906 0.2527621 -13.17463 0 0 0 1
14 1 0.2516801 0.0666533 -0.9655126 -1.723109 -0.02475876 0.9977425 0.06242441 113.0926 0.9674938 0.008193906 0.2527621 -13.17463 0 0 0 1
15 0 0.2517413 0.06642502 -0.9655123 -1.810319 -0.02603796 0.9977455 0.06185362 113.1594 0.9674442 0.009568853 0.2529034 -14.00858 0 0 0 1
15 1 0.2517413 0.06642502 -0.9655123 -2.343045 -0.02603796 0.9977455 0.06185362 113.1594 0.9674442 0.009568853 0.2529034 -14.00858 0 0 0 1
16 0 0.2518831 0.06667417 -0.9654583 -2.31913 -0.02653793 0.9977246 0.06197886 113.2109 0.9673939 0.01000983 0.2530793 -14.85309 0 0 0 1
16 1 0.2518831 0.06667417 -0.9654583 -2.851855 -0.02653793 0.9977246 0.06197886 113.2109 0.9673939 0.01000983 0.2530793 -14.85309 0 0 0 1
17 0 0.2519003 0.06953394 -0.9652519 -2.531502 -0.027816 0.9975235 0.0645996 113.2724 0.9673533 0.0105768 0.2532106 -15.67961 0 0 0 1
17 1 0.2519003 0.06953394 -0.9652519 -3.064227 -0.027816 0.9975235 0.0645996 113.2724 0.9673533 0.0105768 0.2532106 -15.67961 0 0 0 1
18 0 0.2520716 0.0685001 -0.9652812 -3.235474 -0.02670333 0.9976041 0.06382061 113.3054 0.9673402 0.009688852 0.2532968 -16.75552 0 0 0 1
18 1 0.2520716 0.0685001 -0.9652812 -3.768199 -0.02670333 0.9976041 0.06382061 113.3054 0.9673402 0.009688852 0.2532968 -16.75552 0 0 0 1
19 0 0.2522514 0.0675002 -0.9653047 -3.876644 -0.02339686 0.9976979 0.06365133 113.29 0.967379 0.006528953 0.2532499 -17.99692 0 0 0 1
19 1 0.2522514 0.0675002 -0.9653047 -4.409368 -0.02339686 0.9976979 0.06365133 113.29 0.967379 0.006528953 0.2532499 -17.99692 0 0 0 1
20 0 0.2526039 0.06908594 -0.9651003 -4.228755 -0.02268968 0.9975963 0.06547339 113.3164 0.9673038 0.005358974 0.2535643 -19.00455 0 0 0 1
20 1 0.2526039 0.06908594 -0.9651003 -4.761479 -0.02268968 0.9975963 0.06547339 113.3164 0.9673038 0.005358974 0.2535643 -19.00455 0 0 0 1
21 0 0.2524451 0.06548552 -0.9653928 -5.203626 -0.02329529 0.9978294 0.0615942 113.3743 0.9673308 0.006939948 0.2534227 -19.79981 0 0 0 1
21 1 0.2524451 0.06548552 -0.9653928 -5.736351 -0.02329529 0.9978294 0.0615942 113.3743 0.9673308 0.006939948 0.2534227 -19.7998 0 0 0 1
22 0 0.2522206 0.06289297 -0.9656239 -6.013657 -0.02451794 0.9979807 0.05859637 113.4393 0.9673592 0.008895887 0.2532533 -20.46218 0 0 0 1
22 1 0.2522206 0.06289297 -0.9656239 -6.546383 -0.02451794 0.9979807 0.05859637 113.4393 0.9673592 0.008895887 0.2532533 -20.46218 0 0 0 1
23 0 0.252288 0.0611671 -0.965717 -6.729517 -0.02455327 0.9980835 0.05680274 113.4788 0.9673406 0.009380858 0.2533064 -21.28372 0 0 0 1
23 1 0.252288 0.0611671 -0.965717 -7.262242 -0.02455327 0.9980835 0.05680274 113.4788 0.9673406 0.009380858 0.2533064 -21.28372 0 0 0 1
24 0 0.2521481 0.0590894 -0.9658828 -7.532283 -0.02493885 0.9981992 0.054556 113.5283 0.9673672 0.01033182 0.2531677 -22.14272 0 0 0 1
24 1 0.2521481 0.0590894 -0.9658828 -8.065009 -0.02493885 0.9981992 0.054556 113.5283 0.9673672 0.01033182 0.2531677 -22.14272 0 0 0 1
25 0 0.2524444 0.05745299 -0.9659042 -8.281463 -0.02329832 0.9983072 0.05329121 113.5275 0.9673309 0.009050876 0.2533556 -23.14885 0 0 0 1
25 1 0.2524444 0.05745299 -0.9659042 -8.814188 -0.02329832 0.9983072 0.05329121 113.5275 0.9673309 0.009050876 0.2533556 -23.14885 0 0 0 1
26 0 0.2532444 0.05487218 -0.9658449 -9.114305 -0.0204316 0.9984707 0.05136858 113.487 0.9671866 0.006724954 0.2539783 -24.28415 0 0 0 1
26 1 0.2532444 0.05487218 -0.9658449 -9.647032 -0.0204316 0.9984707 0.05136858 113.487 0.9671866 0.006724954 0.2539783 -24.28415 0 0 0 1
27 0 0.2537804 0.05264487 -0.9658282 -9.956739 -0.01867245 0.9985983 0.04952473 113.472 0.9670817 0.005465971 0.2544076 -25.3907 0 0 0 1
27 1 0.2537804 0.05264487 -0.9658282 -10.48946 -0.01867245 0.9985983 0.04952473 113.472 0.9670817 0.005465971 0.2544076 -25.3907 0 0 0 1
28 0 0.2542712 0.04939844 -0.9658706 -10.86091 -0.01998831 0.9987498 0.04581797 113.5277 0.9669265 0.007655926 0.2549407 -26.02202 0 0 0 1
28 1 0.2542712 0.04939844 -0.9658706 -11.39363 -0.01998831 0.9987498 0.04581797 113.5277 0.9669265 0.007655926 0.2549407 -26.02202 0 0 0 1
29 0 0.2544832 0.04757879 -0.9659061 -11.64559 -0.02152027 0.9988203 0.04353023 113.5971 0.9668378 0.009708848 0.2552069 -26.67552 0 0 0 1
29 1 0.2544832 0.04757879 -0.9659061 -12.17831 -0.02152027 0.9988203 0.04353023 113.5971 0.9668378 0.009708848 0.2552069 -26.67553 0 0 0 1
30 0 0.2554062 0.04529441 -0.9657723 -12.50535 -0.02087983 0.9989275 0.04132754 113.6041 0.9666085 0.00960985 0.256078 -27.65847 0 0 0 1
30 1 0.2554062 0.04529441 -0.9657723 -13.03808 -0.02087983 0.9989275 0.04132754 113.6041 0.9666085 0.00960985 0.256078 -27.65847 0 0 0 1
31 0 0.2562225 0.04552356 -0.9655454 -13.0231 -0.02005471 0.9989257 0.04177555 113.613 0.9664099 0.008659892 0.2568603 -28.64587 0 0 0 1
31 1 0.2562225 0.04552356 -0.9655454 -13.55583 -0.02005471 0.9989257 0.04177555 113.613 0.9664099 0.008659892 0.2568603 -28.64587 0 0 0 1
32 0 0.2573385 0.04561049 -0.9652444 -13.62743 -0.02004713 0.9989225 0.04185723 113.6481 0.9661134 0.0085789 0.2579756 -29.61592 0 0 0 1
32 1 0.2573385 0.04561049 -0.9652444 -14.16016 -0.02004713 0.9989225 0.04185723 113.6481 0.9661134 0.0085789 0.2579756 -29.61592 0 0 0 1
33 0 0.258026 0.04587495 -0.9650482 -14.18173 -0.02074014 0.9989049 0.04193906 113.7049 0.9659153 0.009193869 0.2586949 -30.43204 0 0 0 1
33 1 0.258026 0.04587495 -0.9650482 -14.71445 -0.02074014 0.9989049 0.04193906 113.7049 0.9659153 0.009193869 0.2586949 -30.43204 0 0 0 1
34 0 0.258605 0.0459079 -0.9648917 -14.74982 -0.02084251 0.9989027 0.04193999 113.7421 0.9657584 0.00926487 0.2592781 -31.31413 0 0 0 1
34 1 0.258605 0.0459079 -0.9648917 -15.28255 -0.02084251 0.9989027 0.04193999 113.7421 0.9657584 0.00926487 0.2592781 -31.31413 0 0 0 1
35 0 0.2582976 0.04519963 -0.9650074 -15.43146 -0.02068501 0.9989346 0.04125211 113.7694 0.9658439 0.009305865 0.2589574 -32.31287 0 0 0 1
35 1 0.2582976 0.04519963 -0.9650074 -15.96418 -0.02068501 0.9989346 0.04125211 113.7694 0.9658439 0.009305865 0.2589574 -32.31287 0 0 0 1
36 0 0.2570776 0.04427914 -0.9653759 -16.04672 -0.02140967 0.9989656 0.04011846 113.8213 0.9661536 0.01035482 0.2577597 -33.12566 0 0 0 1
36 1 0.2570776 0.04427914 -0.9653759 -16.57945 -0.02140967 0.9989656 0.04011846 113.8213 0.9661536 0.01035482 0.2577597 -33.12566 0 0 0 1
37 0 0.2552891 0.04377092 -0.9658735 -16.59555 -0.02266986 0.9989711 0.03927897 113.8959 0.966599 0.01186872 0.2560188 -33.89993 0 0 0 1
37 1 0.2552891 0.04377092 -0.9658735 -17.12827 -0.02266986 0.9989711 0.03927897 113.8959 0.966599 0.01186872 0.2560188 -33.89993 0 0 0 1
38 0 0.2529871 0.04288583 -0.9665187 -17.22185 -0.02233287 0.9990097 0.03848185 113.9155 0.9672119 0.01184972 0.2536943 -34.95147 0 0 0 1
38 1 0.2529871 0.04288583 -0.9665187 -17.75457 -0.02233287 0.9990097 0.03848185 113.9156 0.9672119 0.01184972 0.2536943 -34.95147 0 0 0 1
39 0 0.2505444 0.04345677 -0.9671293 -17.61351 -0.02138435 0.9989967 0.03934886 113.9196 0.967869 0.01082279 0.2512223 -36.02582 0 0 0 1
39 1 0.2505444 0.04345677 -0.9671293 -18.14624 -0.02138435 0.9989967 0.03934886 113.9196 0.967869 0.01082279 0.2512223 -36.02583 0 0 0 1
40 0 0.2482714 0.04538906 -0.9676265 -17.85629 -0.0211233 0.9989178 0.04143709 113.9601 0.9684601 0.01015183 0.2489615 -37.06528 0 0 0 1
40 1 0.2482714 0.04538906 -0.9676265 -18.38901 -0.0211233 0.9989178 0.04143709 113.9601 0.9684601 0.01015183 0.2489615 -37.06528 0 0 0 1
41 0 0.2456035 0.04633967 -0.9682621 -18.25267 -0.02192371 0.9988668 0.04224333 114.0382 0.9691225 0.01085279 0.2463411 -38.06477 0 0 0 1
41 1 0.2456035 0.04633967 -0.9682621 -18.78539 -0.02192371 0.9988668 0.04224333 114.0382 0.9691225 0.01085279 0.2463411 -38.06477 0 0 0 1
42 0 0.2431642 0.04781533 -0.968806 -18.56582 -0.02327012 0.9987844 0.04345426 114.1424 0.969706 0.01197771 0.2439812 -38.89856 0 0 0 1
42 1 0.2431642 0.04781533 -0.968806 -19.09854 -0.02327012 0.9987844 0.04345426 114.1424 0.969706 0.01197771 0.2439812 -38.89856 0 0 0 1
43 0 0.2408919 0.04889699 -0.9693196 -18.92731 -0.02342244 0.9987321 0.04455984 114.1975 0.9702694 0.01196971 0.2417317 -39.86872 0 0 0 1
43 1 0.2408919 0.04889699 -0.9693196 -19.46003 -0.02342244 0.9987321 0.04455984 114.1975 0.9702694 0.01196971 0.2417317 -39.86872 0 0 0 1
44 0 0.2385845 0.04886167 -0.9698918 -19.47515 -0.02218615 0.998747 0.04485777 114.1889 0.9708684 0.01081579 0.2393696 -41.07275 0 0 0 1
44 1 0.2385845 0.04886167 -0.9698918 -20.00787 -0.02218615 0.998747 0.04485777 114.1889 0.9708684 0.01081579 0.2393696 -41.07275 0 0 0 1
45 0 0.236688 0.05137765 -0.9702265 -19.68929 -0.02218482 0.9986263 0.04746953 114.2518 0.9713325 0.01028883 0.2375026 -42.11024 0 0 0 1
45 1 0.236688 0.05137765 -0.9702265 -20.22202 -0.02218482 0.9986263 0.04746953 114.2518 0.9713325 0.01028883 0.2375026 -42.11024 0 0 0 1
46 0 0.2353649 0.05159622 -0.9705366 -20.18913 -0.02238782 0.9986127 0.04765956 114.3028 0.9716493 0.01051081 0.2361934 -43.05137 0 0 0 1
46 1 0.2353649 0.05159622 -0.9705366 -20.72185 -0.02238782 0.9986127 0.04765956 114.3028 0.9716493 0.01051081 0.2361934 -43.05137 0 0 0 1
47 0 0.2334785 0.05584427 -0.9707571 -20.26891 -0.02420182 0.9983739 0.05161215 114.4718 0.9720608 0.01144376 0.2344504 -44.01762 0 0 0 1
47 1 0.2334785 0.05584427 -0.9707571 -20.80164 -0.02420182 0.9983739 0.05161215 114.4718 0.9720608 0.01144376 0.2344504 -44.01762 0 0 0 1
48 0 0.2326161 0.05750805 -0.970867 -20.6217 -0.02367809 0.9982893 0.0534592 114.5076 0.9722804 0.0105528 0.2335798 -45.08207 0 0 0 1
48 1 0.2326161 0.05750805 -0.970867 -21.15442 -0.02367809 0.9982893 0.0534592 114.5075 0.9722804 0.0105528 0.2335798 -45.08207 0 0 0 1
49 0 0.2322273 0.05832491 -0.9709112 -21.08833 -0.01918583 0.998281 0.05538011 114.3452 0.9724723 0.005766971 0.2329471 -46.58272 0 0 0 1
49 1 0.2322273 0.05832491 -0.9709112 -21.62106 -0.01918583 0.998281 0.05538011 114.3452 0.9724723 0.005766971 0.2329471 -46.58272 0 0 0 1
50 0 0.231583 0.05911633 -0.9710172 -21.59217 -0.01607433 0.9982482 0.05694052 114.2429 0.9726822 0.002421997 0.2321276 -48.02329 0 0 0 1
50 1 0.231583 0.05911633 -0.9710172 -22.1249 -0.01607433 0.9982482 0.05694052 114.2429 0.9726822 0.002421997 0.2321276 -48.02329 0 0 0 1
51 0 0.2305512 0.05669304 -0.9714072 -22.38484 -0.01738442 0.9983819 0.05414136 114.3189 0.9729049 0.004404988 0.2311638 -48.77687 0 0 0 1
51 1 0.2305512 0.05669304 -0.9714072 -22.91757 -0.01738442 0.9983819 0.05414136 114.3189 0.9729049 0.004404988 0.2311638 -48.77687 0 0 0 1
52 0 0.2295364 0.05522017 -0.9717324 -23.0662 -0.02038435 0.998443 0.05192299 114.4914 0.9730866 0.007889917 0.2303046 -49.36018 0 0 0 1
52 1 0.2295364 0.05522017 -0.9717324 -23.59893 -0.02038435 0.998443 0.05192299 114.4914 0.9730866 0.007889917 0.2303046 -49.36018 0 0 0 1
53 0 0.2294437 0.05568621 -0.9717277 -23.6116 -0.02098698 0.998413 0.05226002 114.5698 0.9730957 0.008402899 0.2302483 -50.35661 0 0 0 1
53 1 0.2294437 0.05568621 -0.9717277 -24.14432 -0.02098698 0.998413 0.05226002 114.5698 0.9730957 0.008402899 0.2302483 -50.35661 0 0 0 1
54 0 0.229675 0.05690052 -0.9716028 -24.03722 -0.02070613 0.9983492 0.05357222 114.6084 0.9730473 0.007813921 0.2304741 -51.3748 0 0 0 1
54 1 0.229675 0.05690052 -0.9716028 -24.56994 -0.02070613 0.9983492 0.05357222 114.6084 0.9730473 0.007813921 0.2304741 -51.3748 0 0 0 1
55 0 0.2303642 0.059027 -0.9713126 -24.42756 -0.02094984 0.9982281 0.05569403 114.6894 0.9728791 0.007518928 0.2311926 -52.43943 0 0 0 1
55 1 0.2303642 0.059027 -0.9713126 -24.96029 -0.02094984 0.9982281 0.05569403 114.6894 0.9728791 0.007518928 0.2311926 -52.43943 0 0 0 1
56 0 0.2314526 0.05988229 -0.9710014 -24.94282 -0.02156627 0.9981743 0.05641742 114.7735 0.9726071 0.007882917 0.2323215 -53.31715 0 0 0 1
56 1 0.2314526 0.05988229 -0.9710014 -25.47555 -0.02156627 0.9981743 0.05641742 114.7735 0.9726071 0.007882917 0.2323215 -53.31715 0 0 0 1
57 0 0.2329459 0.06104574 -0.9705718 -25.44989 -0.02266632 0.9980975 0.05733689 114.8901 0.9722255 0.008642893 0.2338865 -54.13544 0 0 0 1
57 1 0.2329459 0.06104574 -0.9705718 -25.98261 -0.02266632 0.9980975 0.05733689 114.8901 0.9722255 0.008642893 0.2338865 -54.13545 0 0 0 1
58 0 0.2347025 0.05940312 -0.9702504 -26.29119 -0.0217109 0.9982024 0.05586262 114.8566 0.9718247 0.007953912 0.2355703 -55.11462 0 0 0 1
58 1 0.2347025 0.05940312 -0.9702504 -26.82391 -0.0217109 0.9982024 0.05586262 114.8566 0.9718247 0.007953912 0.2355703 -55.11462 0 0 0 1
59 0 0.2364797 0.05857593 -0.9698692 -27.11088 -0.02089323 0.9982569 0.0551961 114.8434 0.9714118 0.007210936 0.2372913 -56.18705 0 0 0 1
59 1 0.2364797 0.05857593 -0.9698692 -27.64361 -0.02089323 0.9982569 0.0551961 114.8434 0.9714118 0.007210936 0.2372913 -56.18705 0 0 0 1
60 0 0.2378406 0.05629507 -0.9696714 -28.01491 -0.02190204 0.998376 0.05258942 114.9106 0.9710572 0.008729888 0.2386873 -56.92149 0 0 0 1
60 1 0.2378406 0.05629507 -0.9696714 -28.54763 -0.02190204 0.998376 0.05258942 114.9106 0.9710572 0.008729888 0.2386873 -56.92149 0 0 0 1
61 0 0.2393324 0.05367317 -0.969453 -28.96616 -0.02317313 0.9985023 0.04956063 114.9878 0.970661 0.0106038 0.2402177 -57.60838 0 0 0 1
61 1 0.2393324 0.05367317 -0.969453 -29.49889 -0.02317313 0.9985023 0.04956063 114.9878 0.970661 0.0106038 0.2402177 -57.60838 0 0 0 1
62 0 0.2412955 0.05074851 -0.9691239 -30.03104 -0.02223702 0.9986587 0.04675847 114.9303 0.9701969 0.01026782 0.2421004 -58.63811 0 0 0 1
62 1 0.2412955 0.05074851 -0.9691239 -30.56376 -0.02223702 0.9986587 0.04675847 114.9303 0.9701969 0.01026782 0.2421004 -58.63811 0 0 0 1
63 0 0.2432924 0.04806288 -0.9687616 -31.02521 -0.01961619 0.9988111 0.04462736 114.7645 0.9697547 0.00814591 0.243946 -59.77056 0 0 0 1
63 1 0.2432924 0.04806288 -0.9687616 -31.55794 -0.01961619 0.9988111 0.04462736 114.7645 0.9697547 0.00814591 0.243946 -59.77057 0 0 0 1
64 0 0.2451023 0.04634637 -0.9683889 -31.90096 -0.01781256 0.9989034 0.04329836 114.658 0.9693336 0.006636951 0.2456591 -60.83712 0 0 0 1
64 1 0.2451023 0.04634637 -0.9683889 -32.43369 -0.01781256 0.9989034 0.04329836 114.658 0.9693336 0.006636951 0.2456591 -60.83711 0 0 0 1
65 0 0.2470061 0.0444275 -0.967995 -32.86535 -0.01706675 0.9989929 0.04149522 114.6135 0.9688637 0.00627096 0.2475156 -61.86757 0 0 0 1
65 1 0.2470061 0.0444275 -0.967995 -33.39807 -0.01706675 0.9989929 0.04149522 114.6135 0.9688637 0.00627096 0.2475156 -61.86757 0 0 0 1
66 0 0.248913 0.04273745 -0.9675825 -33.74921 -0.01545741 0.999074 0.04015195 114.5106 0.9684025 0.004961979 0.2493432 -62.90847 0 0 0 1
66 1 0.248913 0.04273745 -0.9675825 -34.28193 -0.01545741 0.999074 0.04015195 114.5105 0.9684025 0.004961979 0.2493432 -62.90847 0 0 0 1
67 0 0.250392 0.04255079 -0.967209 -34.43528 -0.014658 0.9990858 0.04015848 114.4834 0.9680336 0.004121985 0.2507868 -63.91154 0 0 0 1
67 1 0.250392 0.04255079 -0.967209 -34.968 -0.014658 0.9990858 0.04015848 114.4834 0.9680336 0.004121985 0.2507868 -63.91154 0 0 0 1
68 0 0.2519727 0.04214893 -0.966816 -35.20566 -0.01573384 0.9990975 0.03945568 114.5787 0.9676064 0.005269978 0.2524084 -64.77551 0 0 0 1
68 1 0.2519727 0.04214893 -0.966816 -35.73839 -0.01573384 0.9990975 0.03945568 114.5787 0.9676064 0.005269978 0.2524084 -64.77551 0 0 0 1
69 0 0.2533382 0.04159786 -0.966483 -35.9155 -0.01770179 0.9991071 0.03836195 114.7301 0.9672158 0.007389932 0.2538484 -65.44517 0 0 0 1
69 1 0.2533382 0.04159786 -0.966483 -36.44823 -0.01770179 0.9991071 0.03836195 114.7301 0.9672158 0.007389932 0.2538484 -65.44516 0 0 0 1
70 0 0.2547598 0.04161951 -0.9661083 -36.56878 -0.01875077 0.9990981 0.03809617 114.8326 0.9668226 0.008409901 0.2553105 -66.23553 0 0 0 1
70 1 0.2547598 0.04161951 -0.9661083 -37.10151 -0.01875077 0.9990981 0.03809617 114.8326 0.9668226 0.008409901 0.2553105 -66.23553 0 0 0 1
71 0 0.256444 0.04114783 -0.9656829 -37.35093 -0.01894239 0.9991155 0.03754212 114.8708 0.9663735 0.008664892 0.2569966 -67.2008 0 0 0 1
71 1 0.256444 0.04114783 -0.9656829 -37.88365 -0.01894239 0.9991155 0.03754212 114.8708 0.9663735 0.008664892 0.2569966 -67.20079 0 0 0 1
72 0 0.2577048 0.04139372 -0.9653367 -37.9746 -0.01878139 0.9991078 0.03782798 114.8956 0.9660413 0.008381905 0.2582523 -68.14732 0 0 0 1
72 1 0.2577048 0.04139372 -0.9653367 -38.50732 -0.01878139 0.9991078 0.03782798 114.8956 0.9660413 0.008381905 0.2582523 -68.1473 0 0 0 1
73 0 0.2593787 0.04136332 -0.9648895 -38.71322 -0.01994172 0.9990988 0.03746915 115.0122 0.9655699 0.009522856 0.2599698 -69.01284 0 0 0 1
73 1 0.2593787 0.04136332 -0.9648895 -39.24595 -0.01994172 0.9990988 0.03746915 115.0122 0.9655699 0.009522856 0.2599698 -69.01284 0 0 0 1
74 0 0.2608006 0.04227048 -0.9644668 -39.28141 -0.02238674 0.9990371 0.03773205 115.24 0.9651331 0.01175073 0.2614958 -69.66353 0 0 0 1
74 1 0.2608006 0.04227048 -0.9644668 -39.81414 -0.02238674 0.9990371 0.03773205 115.24 0.9651331 0.01175073 0.2614958 -69.66353 0 0 0 1
75 0 0.2624382 0.04425466 -0.9639334 -39.75008 -0.02438556 0.9989329 0.03922236 115.4623 0.9646406 0.01321262 0.2632373 -70.38658 0 0 0 1
75 1 0.2624382 0.04425466 -0.9639334 -40.2828 -0.02438556 0.9989329 0.03922236 115.4623 0.9646406 0.01321262 0.2632373 -70.38658 0 0 0 1
76 0 0.2644321 0.04557297 -0.9633271 -40.38513 -0.02523874 0.9988678 0.04032632 115.5946 0.9640741 0.01364958 0.2652829 -71.3036 0 0 0 1
76 1 0.2644321 0.04557297 -0.9633271 -40.91785 -0.02523874 0.9988678 0.04032632 115.5946 0.9640741 0.01364958 0.2652829 -71.3036 0 0 0 1
77 0 0.2662457 0.04630362 -0.9627925 -41.01733 -0.0247134 0.9988451 0.04120339 115.6097 0.9635884 0.01282365 0.2670825 -72.27991 0 0 0 1
77 1 0.2662457 0.04630362 -0.9627925 -41.55006 -0.0247134 0.9988451 0.04120339 115.6097 0.9635884 0.01282365 0.2670825 -72.27991 0 0 0 1
78 0 0.268001 0.04560426 -0.9623387 -41.8137 -0.02313079 0.9988956 0.04089499 115.5132 0.963141 0.01129976 0.2687599 -73.34016 0 0 0 1
78 1 0.268001 0.04560426 -0.9623387 -42.34642 -0.02313079 0.9988956 0.04089499 115.5132 0.963141 0.01129976 0.2687599 -73.34016 0 0 0 1
79 0 0.2698224 0.0455167 -0.9618337 -42.6105 -0.02252627 0.9989071 0.04095185 115.5056 0.9626466 0.0106168 0.2705529 -74.39839 0 0 0 1
79 1 0.2698224 0.0455167 -0.9618337 -43.14322 -0.02252627 0.9989071 0.04095185 115.5056 0.9626466 0.0106168 0.2705529 -74.39839 0 0 0 1
80 0 0.2710575 0.04450953 -0.9615334 -43.41384 -0.0228055 0.9989469 0.03981251 115.5421 0.9622929 0.01113677 0.2717872 -75.25021 0 0 0 1
80 1 0.2710575 0.04450953 -0.9615334 -43.94657 -0.0228055 0.9989469 0.03981251 115.5421 0.9622929 0.01113677 0.2717872 -75.25021 0 0 0 1
81 0 0.2716976 0.04361572 -0.9613939 -44.15487 -0.02204395 0.9989924 0.03909167 115.4984 0.9621302 0.0105718 0.2723853 -76.25708 0 0 0 1
81 1 0.2716976 0.04361572 -0.9613939 -44.68759 -0.02204395 0.9989924 0.03909167 115.4984 0.9621302 0.0105718 0.2723853 -76.25708 0 0 0 1
82 0 0.2719249 0.04445803 -0.9612911 -44.72625 -0.02191729 0.9989592 0.04000027 115.5471 0.9620689 0.01019182 0.2726163 -77.35687 0 0 0 1
82 1 0.2719249 0.04445803 -0.9612911 -45.25897 -0.02191729 0.9989592 0.04000027 115.5471 0.9620689 0.01019182 0.2726163 -77.35687 0 0 0 1
83 0 0.2720289 0.04612778 -0.961183 -45.12562 -0.02326005 0.9988738 0.04135366 115.7306 0.962008 0.01110777 0.2727954 -78.21194 0 0 0 1
83 1 0.2720289 0.04612778 -0.961183 -45.65835 -0.02326005 0.9988738 0.04135366 115.7306 0.962008 0.01110777 0.2727954 -78.21194 0 0 0 1
84 0 0.2717644 0.04883218 -0.9611241 -45.37728 -0.02463172 0.9987376 0.04377843 115.9439 0.9620485 0.01177673 0.2726241 -79.11093 0 0 0 1
84 1 0.2717644 0.04883218 -0.9611241 -45.91001 -0.02463172 0.9987376 0.04377843 115.9439 0.9620485 0.01177673 0.2726241 -79.11092 0 0 0 1
85 0 0.2713223 0.05116393 -0.9611277 -45.71363 -0.02551948 0.9986175 0.04595559 116.116 0.9621502 0.01205871 0.2722529 -80.15736 0 0 0 1
85 1 0.2713223 0.05116393 -0.9611277 -46.24635 -0.02551948 0.9986175 0.04595559 116.116 0.9621502 0.01205871 0.2722529 -80.15736 0 0 0 1
86 0 0.2700133 0.05351853 -0.9613681 -45.91512 -0.0261033 0.998494 0.04825382 116.262 0.9625028 0.01206571 0.2710037 -81.1851 0 0 0 1
86 1 0.2700133 0.05351853 -0.9613681 -46.44784 -0.0261033 0.998494 0.04825382 116.262 0.9625028 0.01206571 0.2710037 -81.1851 0 0 0 1
87 0 0.2681848 0.05494273 -0.9617995 -46.17402 -0.0272302 0.9984058 0.04944108 116.4347 0.9629827 0.01293064 0.2692533 -82.14133 0 0 0 1
87 1 0.2681848 0.05494273 -0.9617995 -46.70675 -0.0272302 0.9984058 0.04944108 116.4347 0.9629827 0.01293064 0.2692533 -82.14133 0 0 0 1
88 0 0.2659112 0.05475878 -0.962441 -46.62941 -0.02596192 0.99843 0.04963343 116.3699 0.9636479 0.01178873 0.2669154 -83.45322 0 0 0 1
88 1 0.2659112 0.05475878 -0.962441 -47.16214 -0.02596192 0.99843 0.04963343 116.3699 0.9636479 0.01178873 0.2669154 -83.45322 0 0 0 1
89 0 0.2634689 0.05654988 -0.9630089 -46.78402 -0.02476274 0.9983478 0.05185023 116.3509 0.96435 0.01018582 0.2644339 -84.72561 0 0 0 1
89 1 0.2634689 0.05654988 -0.9630089 -47.31675 -0.02476274 0.9983478 0.05185023 116.3509 0.96435 0.01018582 0.2644339 -84.72562 0 0 0 1
90 0 0.2611268 0.05707401 -0.9636158 -47.1451 -0.02290986 0.9983358 0.05292219 116.2454 0.9650326 0.008256907 0.2619997 -86.12725 0 0 0 1
90 1 0.2611268 0.05707401 -0.9636158 -47.67782 -0.02290986 0.9983358 0.05292219 116.2454 0.9650326 0.008256907 0.2619997 -86.12725 0 0 0 1
91 0 0.2587083 0.05635942 -0.9643101 -47.57884 -0.01948507 0.9983978 0.05312417 115.9593 0.965759 0.00504598 0.259392 -87.58688 0 0 0 1
91 1 0.2587083 0.05635942 -0.9643101 -48.11156 -0.01948507 0.9983978 0.05312417 115.9593 0.965759 0.00504598 0.259392 -87.58688 0 0 0 1
92 0 0.2563997 0.05666715 -0.9649084 -47.90609 -0.0185535 0.9983846 0.05370302 115.9189 0.9663929 0.004132984 0.2570369 -88.77413 0 0 0 1
92 1 0.2563997 0.05666715 -0.9649084 -48.43882 -0.0185535 0.9983846 0.05370302 115.9189 0.9663929 0.004132984 0.2570369 -88.77412 0 0 0 1
93 0 0.2539944 0.056236 -0.9655695 -48.36281 -0.02095652 0.9983939 0.0526351 116.1718 0.9669787 0.006865947 0.254765 -89.64088 0 0 0 1
93 1 0.2539944 0.056236 -0.9655695 -48.89554 -0.02095652 0.9983939 0.0526351 116.1718 0.9669787 0.006865947 0.254765 -89.64088 0 0 0 1
94 0 0.2520159 0.05491886 -0.9661635 -48.89775 -0.02310082 0.9984453 0.05072816 116.3783 0.9674474 0.009534856 0.2528928 -90.3961 0 0 0 1
94 1 0.2520159 0.05491886 -0.9661635 -49.43047 -0.02310082 0.9984453 0.05072816 116.3783 0.9674474 0.009534856 0.2528928 -90.39609 0 0 0 1
95 0 0.2506011 0.05564158 -0.9664901 -49.25063 -0.02346761 0.9984027 0.0513939 116.4723 0.967806 0.009801842 0.2515066 -91.39533 0 0 0 1
95 1 0.2506011 0.05564158 -0.9664901 -49.78336 -0.02346761 0.9984027 0.0513939 116.4723 0.967806 0.009801842 0.2515066 -91.39533 0 0 0 1
96 0 0.2498105 0.05628584 -0.9666575 -49.71668 -0.02302137 0.9983721 0.05218316 116.4912 0.9680212 0.009217871 0.2506996 -92.55929 0 0 0 1
96 1 0.2498105 0.05628584 -0.9666575 -50.2494 -0.02302137 0.9983721 0.05218316 116.4912 0.9680212 0.009217871 0.2506996 -92.55928 0 0 0 1
97 0 0.2498575 0.05765199 -0.9665648 -50.1241 -0.02254337 0.9983017 0.05371751 116.521 0.9680202 0.008367904 0.2507328 -93.60949 0 0 0 1
97 1 0.2498575 0.05765199 -0.9665648 -50.65683 -0.02254337 0.9983017 0.05371751 116.521 0.9680202 0.008367904 0.2507328 -93.60948 0 0 0 1
98 0 0.2505209 0.05727947 -0.9664152 -50.78163 -0.02277615 0.9983206 0.05326631 116.5736 0.9678432 0.008666888 0.2514048 -94.50127 0 0 0 1
98 1 0.2505209 0.05727947 -0.9664152 -51.31436 -0.02277615 0.9983206 0.05326631 116.5736 0.9678432 0.008666888 0.2514048 -94.50127 0 0 0 1
99 0 0.2512466 0.05713153 -0.9662356 -51.48416 -0.0231577 0.9983256 0.05300734 116.6515 0.9676461 0.009057878 0.2521489 -95.4716 0 0 0 1
99 1 0.2512466 0.05713153 -0.9662356 -52.01688 -0.0231577 0.9983256 0.05300734 116.6515 0.9676461 0.009057878 0.2521489 -95.4716 0 0 0 1
100 0 0.2520111 0.05494903 -0.9661631 -52.36237 -0.02269158 0.9984477 0.05086636 116.5859 0.9674583 0.009104876 0.2528667 -96.39426 0 0 0 1
100 1 0.2520111 0.05494903 -0.9661631 -52.89509 -0.02269158 0.9984477 0.05086636 116.5859 0.9674583 0.009104876 0.2528667 -96.39427 0 0 0 1
101 0 0.2524374 0.05413839 -0.9660976 -53.05535 -0.02227464 0.9984941 0.05013357 116.5609 0.9673569 0.008863881 0.2532631 -97.36478 0 0 0 1
101 1 0.2524374 0.05413839 -0.9660976 -53.58808 -0.02227464 0.9984941 0.05013357 116.5609 0.9673569 0.008863881 0.2532631 -97.36478 0 0 0 1
102 0 0.2532377 0.05045966 -0.9660871 -54.16763 -0.02118457 0.9986885 0.04660941 116.3885 0.967172 0.008662889 0.2539746 -98.41127 0 0 0 1
102 1 0.2532377 0.05045966 -0.9660871 -54.70036 -0.02118457 0.9986885 0.04660941 116.3884 0.967172 0.008662889 0.2539746 -98.41126 0 0 0 1
103 0 0.2538728 0.04882386 -0.9660045 -54.9783 -0.02052475 0.9987723 0.04508596 116.3099 0.9670198 0.008380901 0.2545632 -99.37165 0 0 0 1
103 1 0.2538728 0.04882386 -0.9660045 -55.51103 -0.02052475 0.9987723 0.04508596 116.3099 0.9670198 0.008380901 0.2545632 -99.37166 0 0 0 1
104 0 0.2544831 0.04706587 -0.9659313 -55.80477 -0.02030986 0.9988548 0.04331929 116.2714 0.966864 0.008593895 0.2551476 -100.275 0 0 0 1
104 1 0.2544831 0.04706587 -0.9659313 -56.33749 -0.02030986 0.9988548 0.04331929 116.2714 0.966864 0.008593895 0.2551476 -100.275 0 0 0 1
105 0 0.2550335 0.04441249 -0.9659117 -56.78024 -0.02028476 0.9989705 0.04057666 116.2273 0.9667195 0.009244872 0.2556719 -101.2288 0 0 0 1
105 1 0.2550335 0.04441249 -0.9659117 -57.31296 -0.02028476 0.9989705 0.04057666 116.2273 0.9667195 0.009244872 0.2556719 -101.2288 0 0 0 1
106 0 0.2552507 0.04203859 -0.9659606 -57.62525 -0.02022529 0.9990679 0.03813498 116.1817 0.9666634 0.009802845 0.255863 -102.1091 0 0 0 1
106 1 0.2552507 0.04203859 -0.9659606 -58.15797 -0.02022529 0.9990679 0.03813498 116.1817 0.9666634 0.009802845 0.255863 -102.1091 0 0 0 1
107 0 0.2553068 0.04047119 -0.9660128 -58.35699 -0.01935364 0.9991373 0.03674399 116.0724 0.9666664 0.009314869 0.2558699 -103.1172 0 0 0 1
107 1 0.2553068 0.04047119 -0.9660128 -58.88971 -0.01935364 0.9991373 0.03674399 116.0724 0.9666664 0.009314869 0.2558699 -103.1172 0 0 0 1
108 0 0.255329 0.0370012 -0.9661461 -59.35954 -0.01771184 0.9992788 0.03358931 115.8198 0.966692 0.008535899 0.2558002 -104.2551 0 0 0 1
108 1 0.255329 0.0370012 -0.9661461 -59.89227 -0.01771184 0.9992788 0.03358931 115.8198 0.966692 0.008535899 0.2558002 -104.2551 0 0 0 1
109 0 0.2554645 0.03516474 -0.9661786 -60.13099 -0.0163145 0.9993528 0.03205846 115.6368 0.9666807 0.007572928 0.2558728 -105.3097 0 0 0 1
109 1 0.2554645 0.03516474 -0.9661786 -60.66371 -0.0163145 0.9993528 0.03205846 115.6368 0.9666807 0.007572928 0.2558728 -105.3097 0 0 0 1
110 0 0.2554838 0.0346673 -0.9661916 -60.7342 -0.01522431 0.9993773 0.03183235 115.527 0.9666935 0.006576951 0.2558525 -106.372 0 0 0 1
110 1 0.2554838 0.0346673 -0.9661916 -61.26692 -0.01522431 0.9993773 0.03183235 115.527 0.9666935 0.006576951 0.2558525 -106.372 0 0 0 1
111 0 0.2554693 0.03338381 -0.9662406 -61.47013 -0.01596392 0.9994131 0.03030914 115.5941 0.9666854 0.007681928 0.2558523 -107.2896 0 0 0 1
111 1 0.2554693 0.03338381 -0.9662406 -62.00286 -0.01596392 0.9994131 0.03030914 115.5941 0.9666854 0.007681928 0.2558523 -107.2896 0 0 0 1
112 0 0.2555441 0.03252791 -0.9662501 -62.11716 -0.01713778 0.9994292 0.02911243 115.7221 0.9666455 0.009119875 0.2559557 -108.0623 0 0 0 1
112 1 0.2555441 0.03252791 -0.9662501 -62.64988 -0.01713778 0.9994292 0.02911243 115.7221 0.9666455 0.009119875 0.2559557 -108.0623 0 0 0 1
113 0 0.2552205 0.03164407 -0.966365 -62.72195 -0.01794938 0.9994471 0.02798687 115.8099 0.9667163 0.01020282 0.2556474 -108.899 0 0 0 1
113 1 0.2552205 0.03164407 -0.966365 -63.25468 -0.01794938 0.9994471 0.02798687 115.8099 0.9667163 0.01020282 0.2556474 -108.899 0 0 0 1
114 0 0.2548098 0.02950354 -0.966541 -63.48428 -0.01618163 0.9995246 0.02624438 115.5637 0.9668558 0.008952881 0.2551661 -110.0995 0 0 0 1
114 1 0.2548098 0.02950354 -0.966541 -64.01701 -0.01618163 0.9995246 0.02624438 115.5637 0.9668558 0.008952881 0.2551661 -110.0995 0 0 0 1
115 0 0.2544261 0.02787142 -0.9666906 -64.14729 -0.01515727 0.9995767 0.02483031 115.413 0.9669735 0.008334906 0.2547408 -111.1278 0 0 0 1
115 1 0.2544261 0.02787142 -0.9666906 -64.68002 -0.01515727 0.9995767 0.02483031 115.413 0.9669735 0.008334906 0.2547408 -111.1278 0 0 0 1
116 0 0.2538638 0.02737843 -0.9668525 -64.70924 -0.01580979 0.9995832 0.02415414 115.4958 0.9671108 0.009153873 0.2541908 -112.0908 0 0 0 1
116 1 0.2538638 0.02737843 -0.9668525 -65.24197 -0.01580979 0.9995832 0.02415414 115.4958 0.9671108 0.009153873 0.2541908 -112.0908 0 0 0 1
117 0 0.2533217 0.02708418 -0.9670029 -65.20198 -0.01706555 0.9995776 0.02352595 115.6549 0.9672316 0.01054281 0.2536769 -112.8852 0 0 0 1
117 1 0.2533217 0.02708418 -0.9670029 -65.7347 -0.01706555 0.9995776 0.02352595 115.6549 0.9672316 0.01054281 0.2536769 -112.8852 0 0 0 1
118 0 0.2528032 0.02821696 -0.9671062 -65.52187 -0.01945634 0.9995208 0.02407679 116.0003 0.9673221 0.01272966 0.253231 -113.5868 0 0 0 1
118 1 0.2528032 0.02821696 -0.9671062 -66.05459 -0.01945634 0.9995208 0.02407679 116.0003 0.9673221 0.01272966 0.253231 -113.5868 0 0 0 1
119 0 0.2524879 0.03108542 -0.9671006 -65.7359 -0.02252258 0.9994018 0.02624355 116.4958 0.967338 0.01515542 0.253037 -114.3296 0 0 0 1
119 1 0.2524879 0.03108542 -0.9671006 -66.26862 -0.02252258 0.9994018 0.02624355 116.4958 0.967338 0.01515542 0.253037 -114.3296 0 0 0 1
120 0 0.2522474 0.03206905 -0.9671312 -66.0945 -0.02229841 0.999378 0.02732244 116.5343 0.9674057 0.01467348 0.2528056 -115.3278 0 0 0 1
120 1 0.2522474 0.03206905 -0.9671312 -66.62722 -0.02229841 0.999378 0.02732244 116.5343 0.9674057 0.01467348 0.2528056 -115.3278 0 0 0 1
121 0 0.2522277 0.03360594 -0.9670842 -66.42577 -0.02083309 0.9993537 0.02929376 116.4435 0.9674436 0.01275865 0.2527648 -116.465 0 0 0 1
121 1 0.2522277 0.03360594 -0.9670842 -66.9585 -0.02083309 0.9993537 0.02929376 116.4435 0.9674436 0.01275865 0.2527648 -116.465 0 0 0 1
122 0 0.2519748 0.03532302 -0.967089 -66.75542 -0.02073867 0.9993013 0.03109611 116.526 0.9675116 0.0122207 0.2525313 -117.5491 0 0 0 1
122 1 0.2519748 0.03532302 -0.967089 -67.28814 -0.02073867 0.9993013 0.03109611 116.526 0.9675116 0.0122207 0.2525313 -117.5491 0 0 0 1
123 0 0.2513502 0.03699028 -0.9671891 -67.00127 -0.02403625 0.9991998 0.03196806 117.0194 0.9675977 0.01521241 0.2520382 -118.1535 0 0 0 1
123 1 0.2513502 0.03699028 -0.9671891 -67.534 -0.02403625 0.9991998 0.03196806 117.0194 0.9675977 0.01521241 0.2520382 -118.1535 0 0 0 1
124 0 0.2511107 0.03577792 -0.967297 -67.62225 -0.02587903 0.9992076 0.03024001 117.2344 0.9676124 0.01743912 0.2518377 -118.8179 0 0 0 1
124 1 0.2511107 0.03577792 -0.967297 -68.15498 -0.02587903 0.9992076 0.03024001 117.2344 0.9676124 0.01743912 0.2518377 -118.8179 0 0 0 1
125 0 0.251305 0.03866234 -0.9671355 -67.88119 -0.02532719 0.9991224 0.03335992 117.3099 0.9675766 0.0161113 0.2520638 -119.9448 0 0 0 1
125 1 0.251305 0.03866234 -0.9671355 -68.41392 -0.02532719 0.9991224 0.03335992 117.3099 0.9675766 0.0161113 0.2520638 -119.9448 0 0 0 1
126 0 0.2516495 0.03931112 -0.9670199 -68.36938 -0.024956 0.999106 0.03412114 117.3219 0.9674967 0.01554637 0.2524056 -120.8862 0 0 0 1
126 1 0.2516495 0.03931112 -0.9670199 -68.90211 -0.024956 0.999106 0.03412114 117.3219 0.9674967 0.01554637 0.2524056 -120.8862 0 0 0 1
127 0 0.2514122 0.03963643 -0.9670683 -68.8167 -0.02563981 0.9990832 0.03428293 117.4545 0.9675406 0.01617629 0.2521979 -121.7327 0 0 0 1
127 1 0.2514122 0.03963643 -0.9670683 -69.34943 -0.02563981 0.9990832 0.03428293 117.4545 0.9675406 0.01617629 0.2521979 -121.7327 0 0 0 1
128 0 0.2510785 0.04047461 -0.9671202 -69.24409 -0.02729296 0.9990242 0.03472416 117.734 0.9675819 0.01767708 0.2519382 -122.5606 0 0 0 1
128 1 0.2510785 0.04047461 -0.9671202 -69.77681 -0.02729296 0.9990242 0.03472416 117.734 0.9675819 0.01767708 0.2519382 -122.5606 0 0 0 1
129 0 0.2507583 0.04022076 -0.9672138 -69.74601 -0.02866239 0.9990069 0.03411188 117.936 0.9676253 0.01916883 0.2516621 -123.3069 0 0 0 1
129 1 0.2507583 0.04022076 -0.9672138 -70.27873 -0.02866239 0.9990069 0.03411188 117.936 0.9676253 0.01916883 0.2516621 -123.3069 0 0 0 1
130 0 0.2503735 0.04129154 -0.9672683 -70.08402 -0.02905873 0.9989604 0.0351227 118.0655 0.9677131 0.0193138 0.2513131 -124.2052 0 0 0 1
130 1 0.2503735 0.04129154 -0.9672683 -70.61674 -0.02905873 0.9989604 0.0351227 118.0655 0.9677131 0.0193138 0.2513131 -124.2052 0 0 0 1
131 0 0.2498915 0.04392253 -0.9672772 -70.27438 -0.02869093 0.9988679 0.03794485 118.1601 0.9678487 0.01826999 0.2508687 -125.3265 0 0 0 1
131 1 0.2498915 0.04392253 -0.9672772 -70.80711 -0.02869093 0.9988679 0.03794485 118.1601 0.9678487 0.01826999 0.2508687 -125.3265 0 0 0 1
132 0 0.2493647 0.04680122 -0.9672781 -70.38141 -0.02677202 0.9987829 0.04142373 118.0574 0.9680395 0.01556637 0.2503141 -126.5424 0 0 0 1
132 1 0.2493647 0.04680122 -0.9672781 -70.91413 -0.02677202 0.9987829 0.04142373 118.0574 0.9680395 0.01556637 0.2503141 -126.5425 0 0 0 1
133 0 0.248949 0.04847348 -0.9673028 -70.64052 -0.02374259 0.9987521 0.04393898 117.7588 0.9682255 0.01202771 0.2497892 -127.8442 0 0 0 1
133 1 0.248949 0.04847348 -0.9673028 -71.17325 -0.02374259 0.9987521 0.04393898 117.7588 0.9682255 0.01202771 0.2497892 -127.8442 0 0 0 1
134 0 0.248427 0.05196266 -0.9672558 -70.72861 -0.02128224 0.9986119 0.04818109 117.6018 0.9684168 0.008615892 0.249188 -129.216 0 0 0 1
134 1 0.248427 0.05196266 -0.9672558 -71.26133 -0.02128224 0.9986119 0.04818109 117.6018 0.9684168 0.008615892 0.249188 -129.216 0 0 0 1
135 0 0.2482125 0.05211926 -0.9673026 -71.18652 -0.01930315 0.9986194 0.0488534 117.3754 0.9685134 0.006545955 0.2488759 -130.3256 0 0 0 1
135 1 0.2482125 0.05211926 -0.9673026 -71.71924 -0.01930315 0.9986194 0.0488534 117.3754 0.9685134 0.006545955 0.2488759 -130.3256 0 0 0 1
136 0 0.2472279 0.05195163 -0.9675636 -71.62238 -0.01880335 0.9986308 0.04881517 117.3363 0.9687749 0.006124966 0.2478663 -131.387 0 0 0 1
136 1 0.2472279 0.05195163 -0.9675636 -72.15511 -0.01880335 0.9986308 0.04881517 117.3363 0.9687749 0.006124966 0.2478663 -131.387 0 0 0 1
137 0 0.2466013 0.05018926 -0.9678165 -72.23161 -0.02025486 0.9987068 0.0466302 117.4974 0.9689054 0.008103915 0.247299 -132.0547 0 0 0 1
137 1 0.2466013 0.05018926 -0.9678165 -72.76433 -0.02025486 0.9987068 0.0466302 117.4974 0.9689054 0.008103915 0.247299 -132.0547 0 0 0 1
138 0 0.2452623 0.04871856 -0.9682319 -72.70957 -0.0229873 0.9987479 0.04443114 117.8465 0.9691842 0.01135975 0.246075 -132.6275 0 0 0 1
138 1 0.2452623 0.04871856 -0.9682319 -73.24229 -0.0229873 0.9987479 0.04443114 117.8465 0.9691842 0.01135975 0.246075 -132.6275 0 0 0 1
139 0 0.2438942 0.04500243 -0.9687572 -73.47941 -0.02285487 0.998912 0.0406493 117.7179 0.9695325 0.01222669 0.2446573 -133.5643 0 0 0 1
139 1 0.2438942 0.04500243 -0.9687572 -74.01213 -0.02285487 0.998912 0.0406493 117.7179 0.9695325 0.01222669 0.2446573 -133.5643 0 0 0 1
140 0 0.2420617 0.04331868 -0.9692934 -73.8996 -0.02145864 0.9989975 0.03928732 117.4893 0.9700236 0.01128976 0.2427487 -134.657 0 0 0 1
140 1 0.2420617 0.04331868 -0.9692934 -74.43232 -0.02145864 0.9989975 0.03928732 117.4893 0.9700236 0.01128976 0.2427487 -134.657 0 0 0 1
141 0 0.2404096 0.04176012 -0.9697728 -74.32278 -0.01890365 0.9990861 0.03833613 117.0993 0.9704874 0.009115874 0.2409793 -135.8702 0 0 0 1
141 1 0.2404096 0.04176012 -0.9697728 -74.85551 -0.01890365 0.9990861 0.03833613 117.0993 0.9704874 0.009115874 0.2409793 -135.8702 0 0 0 1
142 0 0.2382793 0.04094937 -0.9703331 -74.63428 -0.01715215 0.9991323 0.03795278 116.8497 0.9710453 0.007599927 0.2387749 -137.1163 0 0 0 1
142 1 0.2382793 0.04094937 -0.9703331 -75.167 -0.01715215 0.9991323 0.03795278 116.8497 0.9710453 0.007599927 0.2387749 -137.1163 0 0 0 1
143 0 0.2365097 0.04016121 -0.9707989 -74.93877 -0.01633483 0.9991685 0.03735529 116.7268 0.9714919 0.007022943 0.2369691 -138.1312 0 0 0 1
143 1 0.2365097 0.04016121 -0.9707989 -75.47149 -0.01633483 0.9991685 0.03735529 116.7268 0.9714919 0.007022943 0.2369691 -138.1312 0 0 0 1
144 0 0.2347262 0.03982014 -0.9712456 -75.18321 -0.01729764 0.9991735 0.03678475 116.875 0.9719077 0.008165914 0.235221 -138.9368 0 0 0 1
144 1 0.2347262 0.03982014 -0.9712456 -75.71593 -0.01729764 0.9991735 0.03678475 116.875 0.9719077 0.008165914 0.235221 -138.9368 0 0 0 1
