frame cameraID r1,1 r1,2 r1,3 t1 r2,1 r2,2 r2,3 t2 r3,1 r3,2 r3,3 t3 0 0 0 1
0 0 0.4433943 0.03758863 -0.8955382 4.290408 -0.02703871 0.9992265 0.02855349 107.5704 0.8959188 0.01155374 0.4440677 0.1280913 0 0 0 1
0 1 0.4433943 0.03758863 -0.8955382 3.757683 -0.02703871 0.9992265 0.02855349 107.5704 0.8959188 0.01155374 0.4440677 0.1280912 0 0 0 1
1 0 0.4421604 0.03708325 -0.896169 5.077549 -0.02627827 0.9992517 0.02838336 107.5575 0.896551 0.01099978 0.442804 -1.39424 0 0 0 1
1 1 0.4421604 0.03708325 -0.896169 4.544824 -0.02627827 0.9992517 0.02838336 107.5575 0.896551 0.01099978 0.442804 -1.394239 0 0 0 1
2 0 0.4408398 0.03695524 -0.8968247 5.836407 -0.02641867 0.9992534 0.02818973 107.5451 0.8971969 0.01126576 0.441487 -2.703322 0 0 0 1
2 1 0.4408398 0.03695524 -0.8968247 5.303682 -0.02641867 0.9992534 0.02818973 107.5451 0.8971969 0.01126576 0.441487 -2.703322 0 0 0 1
3 0 0.4394445 0.03651405 -0.8975273 6.562817 -0.02724061 0.9992557 0.02731519 107.5391 0.8978565 0.01244568 0.4401121 -3.909645 0 0 0 1
3 1 0.4394445 0.03651405 -0.8975273 6.030092 -0.02724061 0.9992557 0.02731519 107.5391 0.8978565 0.01244568 0.4401121 -3.909645 0 0 0 1
4 0 0.4374456 0.03573655 -0.8985345 7.3418 -0.02697276 0.9992819 0.02661197 107.5321 0.8988403 0.01259467 0.4380954 -5.341976 0 0 0 1
4 1 0.4374456 0.03573655 -0.8985345 6.809074 -0.02697276 0.9992819 0.02661197 107.5321 0.8988403 0.01259467 0.4380954 -5.341976 0 0 0 1
5 0 0.4351832 0.03505221 -0.8996594 8.054102 -0.02624515 0.9993111 0.02623951 107.5234 0.8999593 0.0121927 0.4358034 -6.696146 0 0 0 1
5 1 0.4351832 0.03505221 -0.8996594 7.521378 -0.02624515 0.9993111 0.02623951 107.5234 0.8999593 0.0121927 0.4358034 -6.696146 0 0 0 1
6 0 0.4323735 0.03441606 -0.9010375 8.858558 -0.02706522 0.9993165 0.02518236 107.5265 0.9012882 0.01349859 0.4330094 -7.992695 0 0 0 1
6 1 0.4323735 0.03441606 -0.9010375 8.325832 -0.02706522 0.9993165 0.02518236 107.5265 0.9012882 0.01349859 0.4330094 -7.992695 0 0 0 1
7 0 0.4302402 0.03514097 -0.9020302 9.725315 -0.02838086 0.9992746 0.02539261 107.5209 0.9022682 0.01467547 0.4309254 -9.172661 0 0 0 1
7 1 0.4302402 0.03514097 -0.9020302 9.19259 -0.02838086 0.9992746 0.02539261 107.5209 0.9022682 0.01467547 0.4309254 -9.172661 0 0 0 1
8 0 0.4285563 0.03578909 -0.902806 10.58063 -0.029305 0.99924 0.02570103 107.5136 0.9030398 0.01544239 0.4292794 -10.3972 0 0 0 1
8 1 0.4285563 0.03578909 -0.902806 10.04791 -0.029305 0.99924 0.02570103 107.5136 0.9030398 0.01544239 0.4292794 -10.3972 0 0 0 1
9 0 0.4268333 0.03705196 -0.903571 11.58456 -0.03000448 0.9991904 0.02679928 107.4928 0.9038324 0.01567236 0.4275994 -11.80663 0 0 0 1
9 1 0.4268333 0.03705196 -0.903571 11.05183 -0.03000448 0.9991904 0.02679928 107.4928 0.9038324 0.01567236 0.4275994 -11.80663 0 0 0 1
10 0 0.4252532 0.03786232 -0.9042822 12.45943 -0.03027607 0.9991605 0.02759707 107.4736 0.904568 0.01564236 0.4260425 -13.11123 0 0 0 1
10 1 0.4252532 0.03786232 -0.9042822 11.92671 -0.03027607 0.9991605 0.02759707 107.4736 0.904568 0.01564236 0.4260425 -13.11123 0 0 0 1
11 0 0.423665 0.03847042 -0.9050017 13.31597 -0.0310341 0.9991276 0.02794337 107.4646 0.9052872 0.01624729 0.4244893 -14.34571 0 0 0 1
11 1 0.423665 0.03847042 -0.9050017 12.78324 -0.0310341 0.9991276 0.02794337 107.4646 0.9052872 0.01624729 0.4244893 -14.34571 0 0 0 1
12 0 0.4221113 0.03862062 -0.905721 14.19428 -0.02898056 0.9991564 0.02909838 107.4161 0.9060807 0.01396555 0.4228745 -16.01718 0 0 0 1
12 1 0.4221113 0.03862062 -0.905721 13.66156 -0.02898056 0.9991564 0.02909838 107.4161 0.9060807 0.01396555 0.4228745 -16.01718 0 0 0 1
13 0 0.4206166 0.03761756 -0.9064583 14.87025 -0.02832515 0.9991974 0.02832269 107.4154 0.9067963 0.01376257 0.4213446 -17.33316 0 0 0 1
13 1 0.4206166 0.03761756 -0.9064583 14.33753 -0.02832515 0.9991974 0.02832269 107.4154 0.9067963 0.01376257 0.4213446 -17.33316 0 0 0 1
14 0 0.4190097 0.03638367 -0.9072525 15.60319 -0.02921128 0.9992198 0.02658078 107.4516 0.9075118 0.0153644 0.4197456 -18.58155 0 0 0 1
14 1 0.4190097 0.03638367 -0.9072525 15.07046 -0.02921128 0.9992198 0.02658078 107.4516 0.9075118 0.0153644 0.4197456 -18.58155 0 0 0 1
15 0 0.417879 0.03645741 -0.9077709 16.38893 -0.02954432 0.9992114 0.02652949 107.4493 0.9080222 0.01573335 0.4186266 -19.83338 0 0 0 1
15 1 0.417879 0.03645741 -0.9077709 15.8562 -0.02954432 0.9992114 0.02652949 107.4493 0.9080222 0.01573335 0.4186266 -19.83338 0 0 0 1
16 0 0.4168939 0.03665815 -0.9082157 17.1843 -0.02809578 0.9992287 0.02743502 107.4027 0.9085209 0.01407954 0.4176023 -21.29701 0 0 0 1
16 1 0.4168939 0.03665815 -0.9082157 16.65157 -0.02809578 0.9992287 0.02743502 107.4027 0.9085209 0.01407954 0.4176023 -21.29701 0 0 0 1
17 0 0.4159004 0.03726084 -0.9086466 18.09538 -0.02611673 0.9992375 0.0290217 107.3254 0.9090352 0.01166074 0.4165564 -22.9679 0 0 0 1
17 1 0.4159004 0.03726084 -0.9086466 17.56266 -0.02611673 0.9992375 0.0290217 107.3254 0.9090352 0.01166074 0.4165564 -22.9679 0 0 0 1
18 0 0.415053 0.03774855 -0.9090138 18.91733 -0.02611428 0.9992215 0.0295709 107.2977 0.9094225 0.01146475 0.4157156 -24.27354 0 0 0 1
18 1 0.415053 0.03774855 -0.9090138 18.3846 -0.02611428 0.9992215 0.0295709 107.2977 0.9094225 0.01146475 0.4157156 -24.27354 0 0 0 1
19 0 0.4144136 0.03737512 -0.9093208 19.73147 -0.02734839 0.9992166 0.02860629 107.3287 0.9096776 0.01301363 0.4151111 -25.5178 0 0 0 1
19 1 0.4144136 0.03737512 -0.9093208 19.19875 -0.02734839 0.9992166 0.02860629 107.3287 0.9096776 0.01301363 0.4151111 -25.5178 0 0 0 1
20 0 0.4136287 0.03768747 -0.9096653 20.5505 -0.02983278 0.9991674 0.02783046 107.3792 0.9099568 0.01562637 0.4144086 -26.51108 0 0 0 1
20 1 0.4136287 0.03768747 -0.9096653 20.01777 -0.02983278 0.9991674 0.02783046 107.3792 0.9099568 0.01562637 0.4144086 -26.51108 0 0 0 1
21 0 0.4126831 0.0377613 -0.9100916 21.34252 -0.03144233 0.9991354 0.02719829 107.4167 0.9103318 0.01739112 0.4135136 -27.58789 0 0 0 1
21 1 0.4126831 0.0377613 -0.9100916 20.8098 -0.03144233 0.9991354 0.02719829 107.4167 0.9103318 0.01739112 0.4135136 -27.58789 0 0 0 1
22 0 0.4119269 0.03840214 -0.9104074 22.26986 -0.03112953 0.9991214 0.02805921 107.3765 0.9106851 0.01678221 0.4127604 -29.04349 0 0 0 1
22 1 0.4119269 0.03840214 -0.9104074 21.73713 -0.03112953 0.9991214 0.02805921 107.3765 0.9106851 0.01678221 0.4127604 -29.04349 0 0 0 1
23 0 0.4111756 0.0392551 -0.9107106 23.13279 -0.03043254 0.9991065 0.02932535 107.3141 0.9110481 0.01565736 0.4120029 -30.42095 0 0 0 1
23 1 0.4111756 0.0392551 -0.9107106 22.60007 -0.03043254 0.9991065 0.02932535 107.3141 0.9110481 0.01565736 0.4120029 -30.42095 0 0 0 1
24 0 0.4105289 0.03857943 -0.9110311 23.83055 -0.02896601 0.9991521 0.02925842 107.279 0.9113874 0.0143775 0.4112983 -31.8145 0 0 0 1
24 1 0.4105289 0.03857943 -0.9110311 23.29782 -0.02896601 0.9991521 0.02925842 107.279 0.9113874 0.0143775 0.4112983 -31.8145 0 0 0 1
25 0 0.4095574 0.03825751 -0.9114817 24.64515 -0.02738084 0.9991857 0.02963563 107.222 0.9118733 0.01281965 0.4102715 -33.35482 0 0 0 1
25 1 0.4095574 0.03825751 -0.9114817 24.11243 -0.02738084 0.9991857 0.02963563 107.222 0.9118733 0.01281965 0.4102715 -33.35482 0 0 0 1
26 0 0.4078261 0.03658529 -0.9123263 25.27539 -0.02569897 0.999261 0.02858357 107.2134 0.9126979 0.01178872 0.408465 -34.68227 0 0 0 1
26 1 0.4078261 0.03658529 -0.9123263 24.74267 -0.02569897 0.999261 0.02858357 107.2134 0.9126979 0.01178872 0.408465 -34.68227 0 0 0 1
27 0 0.4052749 0.03545613 -0.913507 26.06259 -0.02510895 0.9993024 0.0276466 107.2233 0.91385 0.01173273 0.4058824 -36.01181 0 0 0 1
27 1 0.4052749 0.03545613 -0.913507 25.52986 -0.02510895 0.9993024 0.0276466 107.2232 0.91385 0.01173273 0.4058824 -36.01181 0 0 0 1
28 0 0.4032698 0.03497831 -0.9144123 26.81169 -0.02516077 0.9993152 0.02712975 107.2343 0.9147351 0.01206671 0.4038737 -37.18078 0 0 0 1
28 1 0.4032698 0.03497831 -0.9144123 26.27897 -0.02516077 0.9993152 0.02712975 107.2343 0.9147351 0.01206671 0.4038737 -37.18078 0 0 0 1
29 0 0.4018298 0.03477903 -0.9150537 27.56645 -0.02592619 0.99931 0.02659638 107.2645 0.9153473 0.01303663 0.4024543 -38.29346 0 0 0 1
29 1 0.4018298 0.03477903 -0.9150537 27.03372 -0.02592619 0.99931 0.02659638 107.2645 0.9153473 0.01303663 0.4024543 -38.29346 0 0 0 1
30 0 0.3999874 0.03436479 -0.9158763 28.3869 -0.02674419 0.9993089 0.02581539 107.3083 0.9161304 0.01416853 0.4006301 -39.4978 0 0 0 1
30 1 0.3999874 0.03436479 -0.9158763 27.85417 -0.02674419 0.9993089 0.02581539 107.3083 0.9161304 0.01416853 0.4006301 -39.4978 0 0 0 1
31 0 0.3978218 0.0342922 -0.9168217 29.19003 -0.02779105 0.9992931 0.02531798 107.3497 0.9170418 0.01540739 0.3984935 -40.55211 0 0 0 1
31 1 0.3978218 0.0342922 -0.9168217 28.6573 -0.02779105 0.9992931 0.02531798 107.3497 0.9170418 0.01540739 0.3984935 -40.55211 0 0 0 1
32 0 0.3953508 0.03380303 -0.9179081 29.96574 -0.02840799 0.9992945 0.02456463 107.394 0.9180908 0.01636427 0.3960322 -41.62235 0 0 0 1
32 1 0.3953508 0.03380303 -0.9179081 29.43302 -0.02840799 0.9992945 0.02456463 107.394 0.9180908 0.01636427 0.3960322 -41.62235 0 0 0 1
33 0 0.3927424 0.03380928 -0.9190269 30.86366 -0.02790369 0.999302 0.02483793 107.364 0.9192251 0.01588933 0.3934117 -42.95671 0 0 0 1
33 1 0.3927424 0.03380928 -0.9190269 30.33094 -0.02790369 0.999302 0.02483793 107.364 0.9192251 0.01588933 0.3934117 -42.95671 0 0 0 1
34 0 0.3907446 0.0335808 -0.9198864 31.64709 -0.02712584 0.9993204 0.0249582 107.3321 0.9200994 0.01520042 0.39139 -44.20292 0 0 0 1
34 1 0.3907446 0.0335808 -0.9198864 31.11436 -0.02712584 0.9993204 0.0249582 107.3321 0.9200994 0.01520042 0.39139 -44.20292 0 0 0 1
35 0 0.3887597 0.03467133 -0.9206867 32.63025 -0.02699389 0.9992913 0.02623326 107.2623 0.9209437 0.01465448 0.3894202 -45.5567 0 0 0 1
35 1 0.3887597 0.03467133 -0.9206867 32.09752 -0.02699389 0.9992913 0.02623326 107.2623 0.9209437 0.01465448 0.3894202 -45.5567 0 0 0 1
36 0 0.3872073 0.03531506 -0.9213161 33.48061 -0.02683071 0.9992746 0.02702699 107.2123 0.9216022 0.01425451 0.387874 -46.78209 0 0 0 1
36 1 0.3872073 0.03531506 -0.9213161 32.94788 -0.02683071 0.9992746 0.02702699 107.2123 0.9216022 0.01425451 0.387874 -46.78209 0 0 0 1
37 0 0.3858614 0.0348108 -0.9218998 34.20131 -0.02588006 0.999303 0.02690144 107.1818 0.9221938 0.01347859 0.3864934 -48.05069 0 0 0 1
37 1 0.3858614 0.0348108 -0.9218998 33.66859 -0.02588006 0.999303 0.02690144 107.1818 0.9221938 0.01347859 0.3864934 -48.05069 0 0 0 1
38 0 0.3841452 0.0342946 -0.9226356 35.01416 -0.02472244 0.9993337 0.02685214 107.1385 0.9229417 0.01249467 0.3847371 -49.44907 0 0 0 1
38 1 0.3841452 0.0342946 -0.9226356 34.48143 -0.02472244 0.9993337 0.02685214 107.1384 0.9229417 0.01249467 0.3847371 -49.44907 0 0 0 1
39 0 0.3825112 0.03327768 -0.9233515 35.70206 -0.02332102 0.9993805 0.02635672 107.1091 0.9236565 0.01145175 0.3830503 -50.72335 0 0 0 1
39 1 0.3825112 0.03327768 -0.9233515 35.16934 -0.02332102 0.9993805 0.02635672 107.1091 0.9236565 0.01145175 0.3830503 -50.72335 0 0 0 1
40 0 0.3807889 0.03260064 -0.9240872 36.51094 -0.02405758 0.9993893 0.02534379 107.1779 0.9243491 0.01258067 0.3813406 -51.88382 0 0 0 1
40 1 0.3807889 0.03260064 -0.9240872 35.97822 -0.02405758 0.9993893 0.02534379 107.1779 0.9243491 0.01258067 0.3813406 -51.88382 0 0 0 1
41 0 0.3794712 0.03323429 -0.9246064 37.3639 -0.02620296 0.9993398 0.02516648 107.2545 0.9248325 0.01467747 0.3800915 -52.83222 0 0 0 1
41 1 0.3794712 0.03323429 -0.9246064 36.83117 -0.02620296 0.9993398 0.02516648 107.2545 0.9248325 0.01467747 0.3800915 -52.83222 0 0 0 1
42 0 0.3781311 0.03444791 -0.9251108 38.27952 -0.02760618 0.9992826 0.02592602 107.2563 0.9253403 0.01573535 0.3788108 -53.89126 0 0 0 1
42 1 0.3781311 0.03444791 -0.9251108 37.7468 -0.02760618 0.9992826 0.02592602 107.2563 0.9253403 0.01573535 0.3788108 -53.89126 0 0 0 1
43 0 0.3764911 0.03457934 -0.9257748 39.17405 -0.02669714 0.9992931 0.02646827 107.1865 0.9260356 0.01475046 0.3771482 -55.27346 0 0 0 1
43 1 0.3764911 0.03457934 -0.9257748 38.64133 -0.02669714 0.9992931 0.02646827 107.1865 0.9260356 0.01475046 0.3771482 -55.27346 0 0 0 1
44 0 0.3742644 0.03382133 -0.9267051 39.94598 -0.02546601 0.9993326 0.02618713 107.1501 0.9269724 0.01379856 0.374876 -56.50333 0 0 0 1
44 1 0.3742644 0.03382133 -0.9267051 39.41326 -0.02546601 0.9993326 0.02618713 107.1501 0.9269724 0.01379856 0.374876 -56.50333 0 0 0 1
45 0 0.3714322 0.0319786 -0.9279093 40.64979 -0.02449638 0.9993963 0.02463662 107.1973 0.9281369 0.01357959 0.3719913 -57.62576 0 0 0 1
45 1 0.3714322 0.0319786 -0.9279093 40.11707 -0.02449638 0.9993963 0.02463662 107.1973 0.9281369 0.01357959 0.3719913 -57.62576 0 0 0 1
46 0 0.3682749 0.03106747 -0.9291977 41.55117 -0.02331644 0.9994358 0.02417471 107.1715 0.9294246 0.01276265 0.3687915 -58.9169 0 0 0 1
46 1 0.3682749 0.03106747 -0.9291977 41.01844 -0.02331644 0.9994358 0.02417471 107.1715 0.9294246 0.01276265 0.3687915 -58.9169 0 0 0 1
47 0 0.3658551 0.03076199 -0.9301634 42.39091 -0.02229066 0.9994565 0.02428618 107.1166 0.9304049 0.01184873 0.3663419 -60.12812 0 0 0 1
47 1 0.3658551 0.03076199 -0.9301634 41.85818 -0.02229066 0.9994565 0.02428618 107.1166 0.9304049 0.01184873 0.3663419 -60.12812 0 0 0 1
48 0 0.3636414 0.03086336 -0.9310277 43.34446 -0.02111442 0.9994673 0.02488524 107.0218 0.9312997 0.0106088 0.3640993 -61.50751 0 0 0 1
48 1 0.3636414 0.03086336 -0.9310277 42.81173 -0.02111442 0.9994673 0.02488524 107.0218 0.9312997 0.0106088 0.3640993 -61.50752 0 0 0 1
49 0 0.3616742 0.03143684 -0.9317744 44.25969 -0.02183011 0.9994429 0.02524639 107.0198 0.932049 0.01120977 0.362159 -62.5811 0 0 0 1
49 1 0.3616742 0.03143684 -0.9317744 43.72697 -0.02183011 0.9994429 0.02524639 107.0198 0.932049 0.01120977 0.362159 -62.5811 0 0 0 1
50 0 0.3599366 0.03205013 -0.9324262 45.16366 -0.02292623 0.9994118 0.0255026 107.0414 0.9326951 0.0121977 0.3604597 -63.61748 0 0 0 1
50 1 0.3599366 0.03205013 -0.9324262 44.63094 -0.02292623 0.9994118 0.0255026 107.0414 0.9326951 0.0121977 0.3604597 -63.61747 0 0 0 1
51 0 0.3579879 0.03291926 -0.9331458 46.17917 -0.02397023 0.999373 0.02605977 107.0416 0.9334185 0.01303863 0.3585525 -64.7813 0 0 0 1
51 1 0.3579879 0.03291926 -0.9331458 45.64645 -0.02397023 0.999373 0.02605977 107.0416 0.9334185 0.01303863 0.3585525 -64.7813 0 0 0 1
52 0 0.3565282 0.03377166 -0.933674 47.08784 -0.02434346 0.999343 0.02685127 106.9973 0.9339674 0.01315562 0.357116 -65.9204 0 0 0 1
52 1 0.3565282 0.03377166 -0.933674 46.55513 -0.02434346 0.999343 0.02685127 106.9973 0.9339674 0.01315562 0.357116 -65.9204 0 0 0 1
53 0 0.3551044 0.03411286 -0.934204 47.93055 -0.02347957 0.9993442 0.02756656 106.901 0.9345317 0.0121457 0.3556725 -67.17676 0 0 0 1
53 1 0.3551044 0.03411286 -0.934204 47.39782 -0.02347957 0.9993442 0.02756656 106.901 0.9345317 0.0121457 0.3556725 -67.17676 0 0 0 1
54 0 0.3539467 0.03402295 -0.9346466 48.77964 -0.02336298 0.9993479 0.02753074 106.8879 0.9349738 0.01209171 0.3545108 -68.46127 0 0 0 1
54 1 0.3539467 0.03402295 -0.9346466 48.24692 -0.02336298 0.9993479 0.02753074 106.8879 0.9349738 0.01209171 0.3545108 -68.46127 0 0 0 1
55 0 0.3528272 0.03370327 -0.9350812 49.5341 -0.02506813 0.9993328 0.02656033 107.0285 0.9353526 0.01406953 0.3534366 -69.40594 0 0 0 1
55 1 0.3528272 0.03370327 -0.9350812 49.00138 -0.02506813 0.9993328 0.02656033 107.0285 0.9353526 0.01406953 0.3534366 -69.40594 0 0 0 1
56 0 0.3515665 0.03358374 -0.9355603 50.3884 -0.02787871 0.9992887 0.02539508 107.2407 0.9357477 0.01715416 0.3522527 -70.34169 0 0 0 1
56 1 0.3515665 0.03358374 -0.9355603 49.85569 -0.02787871 0.9992887 0.02539508 107.2407 0.9357477 0.01715416 0.3522527 -70.34168 0 0 0 1
57 0 0.3504432 0.03422043 -0.9359586 51.23866 -0.02936837 0.9992424 0.02553805 107.3005 0.9361234 0.01853794 0.3511828 -71.34401 0 0 0 1
57 1 0.3504432 0.03422043 -0.9359586 50.70593 -0.02936837 0.9992424 0.02553805 107.3005 0.9361234 0.01853794 0.3511828 -71.34401 0 0 0 1
58 0 0.3496035 0.0345425 -0.9362608 52.03448 -0.02899739 0.9992403 0.02603833 107.2434 0.9364489 0.01804603 0.3503395 -72.55701 0 0 0 1
58 1 0.3496035 0.0345425 -0.9362608 51.50175 -0.02899739 0.9992403 0.02603833 107.2434 0.9364489 0.01804603 0.3503395 -72.557 0 0 0 1
59 0 0.3484199 0.03519922 -0.9366773 52.95729 -0.02726837 0.9992524 0.02740759 107.05 0.9369417 0.01599232 0.3491192 -74.03472 0 0 0 1
59 1 0.3484199 0.03519922 -0.9366773 52.42455 -0.02726837 0.9992524 0.02740759 107.05 0.9369417 0.01599232 0.3491192 -74.03472 0 0 0 1
60 0 0.3475142 0.03432979 -0.9370461 53.62774 -0.02524503 0.9993098 0.02724849 106.9521 0.9373348 0.01418652 0.348141 -75.37497 0 0 0 1
60 1 0.3475142 0.03432979 -0.9370461 53.09501 -0.02524503 0.9993098 0.02724849 106.9521 0.9373348 0.01418652 0.348141 -75.37497 0 0 0 1
61 0 0.3465238 0.03383477 -0.9374309 54.33992 -0.02373346 0.9993456 0.02729633 106.8619 0.937741 0.01278965 0.3471 -76.66706 0 0 0 1
61 1 0.3465238 0.03383477 -0.9374309 53.80719 -0.02373346 0.9993456 0.02729633 106.8619 0.937741 0.01278965 0.3471 -76.66706 0 0 0 1
62 0 0.3454936 0.03326405 -0.9378314 55.11732 -0.02130739 0.999392 0.02759798 106.6982 0.9381793 0.01044781 0.3459923 -78.17471 0 0 0 1
62 1 0.3454936 0.03326405 -0.9378314 54.5846 -0.02130739 0.999392 0.02759798 106.6982 0.9381793 0.01044781 0.3459923 -78.17471 0 0 0 1
63 0 0.3446766 0.03382415 -0.938112 55.92139 -0.02018477 0.9993866 0.02861725 106.5448 0.9385045 0.009071877 0.3451479 -79.47326 0 0 0 1
63 1 0.3446766 0.03382415 -0.938112 55.38867 -0.02018477 0.9993866 0.02861725 106.5448 0.9385045 0.009071877 0.3451479 -79.47326 0 0 0 1
64 0 0.343994 0.03412718 -0.9383515 56.75895 -0.01960716 0.9993825 0.02915896 106.455 0.9387671 0.008367903 0.3444507 -80.82076 0 0 0 1
64 1 0.343994 0.03412718 -0.9383515 56.22623 -0.01960716 0.9993825 0.02915896 106.455 0.9387671 0.008367903 0.3444507 -80.82076 0 0 0 1
65 0 0.3431579 0.03436068 -0.9386491 57.52972 -0.02072796 0.9993643 0.02900538 106.5187 0.939049 0.009502857 0.343652 -81.84394 0 0 0 1
65 1 0.3431579 0.03436068 -0.9386491 56.997 -0.02072796 0.9993643 0.02900538 106.5187 0.939049 0.009502857 0.343652 -81.84394 0 0 0 1
66 0 0.3415267 0.03331885 -0.9392814 58.24354 -0.02162016 0.9993855 0.02758973 106.676 0.9396234 0.01088479 0.3420371 -82.78278 0 0 0 1
66 1 0.3415267 0.03331885 -0.9392814 57.7108 -0.02162016 0.9993855 0.02758973 106.676 0.9396234 0.01088479 0.3420371 -82.78278 0 0 0 1
67 0 0.3386763 0.0329636 -0.9403254 59.20638 -0.02258187 0.999383 0.0269006 106.7799 0.940632 0.01212371 0.3392118 -83.77705 0 0 0 1
67 1 0.3386763 0.0329636 -0.9403254 58.67365 -0.02258187 0.999383 0.0269006 106.7799 0.940632 0.01212371 0.3392118 -83.77704 0 0 0 1
68 0 0.3364224 0.0330034 -0.9411327 60.08508 -0.02293582 0.9993764 0.02684712 106.7977 0.9414318 0.01255367 0.3369696 -84.76881 0 0 0 1
68 1 0.3364224 0.0330034 -0.9411327 59.55236 -0.02293582 0.9993764 0.02684712 106.7978 0.9414318 0.01255367 0.3369696 -84.76881 0 0 0 1
69 0 0.3350021 0.03492719 -0.9415698 61.14737 -0.023435 0.9993124 0.02873117 106.6573 0.9419259 0.01244068 0.3355903 -85.97891 0 0 0 1
69 1 0.3350021 0.03492719 -0.9415698 60.61465 -0.023435 0.9993124 0.02873117 106.6573 0.9419259 0.01244068 0.3355903 -85.97891 0 0 0 1
70 0 0.334389 0.03588935 -0.9417515 61.96558 -0.02406231 0.999274 0.02953765 106.6165 0.9421279 0.01278365 0.3350098 -87.06154 0 0 0 1
70 1 0.334389 0.03588935 -0.9417515 61.43285 -0.02406231 0.999274 0.02953765 106.6165 0.9421279 0.01278365 0.3350098 -87.06154 0 0 0 1
71 0 0.3334468 0.03633296 -0.9420686 62.7553 -0.02430843 0.9992563 0.02993452 106.5878 0.9424555 0.01291864 0.334082 -88.13399 0 0 0 1
71 1 0.3334468 0.03633296 -0.9420686 62.22258 -0.02430843 0.9992563 0.02993452 106.5878 0.9424555 0.01291864 0.334082 -88.13399 0 0 0 1
72 0 0.3322828 0.03576123 -0.9425016 63.51982 -0.02439695 0.9992725 0.02931404 106.6392 0.9428642 0.01325361 0.3329135 -89.26761 0 0 0 1
72 1 0.3322828 0.03576123 -0.9425016 62.98711 -0.02439695 0.9992725 0.02931404 106.6392 0.9428642 0.01325361 0.3329135 -89.26761 0 0 0 1
73 0 0.3313804 0.0341705 -0.9428783 64.08443 -0.02350424 0.9993328 0.02795574 106.6968 0.9432045 0.01289765 0.3319625 -90.36135 0 0 0 1
73 1 0.3313804 0.0341705 -0.9428783 63.55171 -0.02350424 0.9993328 0.02795574 106.6968 0.9432045 0.01289765 0.3319625 -90.36135 0 0 0 1
74 0 0.3302364 0.03349407 -0.9433039 64.75832 -0.02298856 0.9993592 0.02743649 106.7035 0.9436184 0.01262466 0.3307947 -91.41572 0 0 0 1
74 1 0.3302364 0.03349407 -0.9433039 64.2256 -0.02298856 0.9993592 0.02743649 106.7035 0.9436184 0.01262466 0.3307947 -91.41573 0 0 0 1
75 0 0.3281721 0.03216069 -0.9440703 65.51464 -0.02294518 0.9993968 0.02606937 106.8188 0.9443393 0.01310662 0.3287121 -92.4225 0 0 0 1
75 1 0.3281721 0.03216069 -0.9440703 64.98192 -0.02294518 0.9993968 0.02606937 106.8188 0.9443393 0.01310662 0.3287121 -92.4225 0 0 0 1
76 0 0.3261381 0.03188731 -0.9447842 66.30798 -0.02396636 0.9993886 0.02545711 106.9379 0.9450183 0.01434051 0.3267029 -93.22672 0 0 0 1
76 1 0.3261381 0.03188731 -0.9447842 65.77525 -0.02396636 0.9993886 0.02545711 106.9379 0.9450183 0.01434051 0.3267029 -93.22672 0 0 0 1
77 0 0.3244388 0.0332819 -0.945321 67.29498 -0.02711218 0.9992974 0.02587722 107.105 0.9455181 0.01723414 0.3251131 -93.9673 0 0 0 1
77 1 0.3244388 0.0332819 -0.945321 66.76226 -0.02711218 0.9992974 0.02587722 107.105 0.9455181 0.01723414 0.3251131 -93.9673 0 0 0 1
78 0 0.3230147 0.03478606 -0.9457545 68.19446 -0.02871346 0.9992244 0.0269459 107.1098 0.9459583 0.01845196 0.323763 -94.78249 0 0 0 1
78 1 0.3230147 0.03478606 -0.9457545 67.66173 -0.02871346 0.9992244 0.0269459 107.1098 0.9459583 0.01845196 0.323763 -94.78249 0 0 0 1
79 0 0.3216979 0.03639985 -0.9461425 69.08653 -0.02758688 0.9991969 0.02906113 106.8276 0.9464404 0.01675222 0.3224437 -95.9012 0 0 0 1
79 1 0.3216979 0.03639985 -0.9461425 68.55381 -0.02758688 0.9991969 0.02906113 106.8276 0.9464404 0.01675222 0.3224437 -95.9012 0 0 0 1
80 0 0.3204911 0.03649002 -0.9465485 69.85776 -0.02551796 0.9992277 0.02988073 106.5995 0.9469078 0.01457748 0.3211747 -97.15643 0 0 0 1
80 1 0.3204911 0.03649002 -0.9465485 69.32503 -0.02551796 0.9992277 0.02988073 106.5995 0.9469078 0.01457748 0.3211747 -97.15643 0 0 0 1
81 0 0.3188803 0.03622576 -0.9471025 70.57027 -0.02439085 0.999252 0.03000826 106.5013 0.9474811 0.01353159 0.3195254 -98.1461 0 0 0 1
81 1 0.3188803 0.03622576 -0.9471025 70.03754 -0.02439085 0.999252 0.03000826 106.5013 0.9474811 0.01353159 0.3195254 -98.1461 0 0 0 1
82 0 0.3173895 0.03546153 -0.947632 71.21278 -0.02365539 0.9992857 0.0294716 106.4948 0.9480002 0.01306263 0.3180016 -99.06726 0 0 0 1
82 1 0.3173895 0.03546153 -0.947632 70.68005 -0.02365539 0.9992857 0.0294716 106.4948 0.9480002 0.01306263 0.3180016 -99.06726 0 0 0 1
83 0 0.3157755 0.0349642 -0.9481895 71.94296 -0.0227994 0.9993119 0.02925644 106.4468 0.94856 0.01237968 0.3163554 -100.0808 0 0 0 1
83 1 0.3157755 0.0349642 -0.9481895 71.41024 -0.0227994 0.9993119 0.02925644 106.4468 0.94856 0.01237968 0.3163554 -100.0808 0 0 0 1
84 0 0.314414 0.0350343 -0.9486393 72.64259 -0.02244807 0.9993137 0.02946564 106.3927 0.9490206 0.01203071 0.3149846 -100.9666 0 0 0 1
84 1 0.314414 0.0350343 -0.9486393 72.10988 -0.02244807 0.9993137 0.02946564 106.3927 0.9490206 0.01203071 0.3149846 -100.9666 0 0 0 1
85 0 0.313126 0.03470553 -0.9490773 73.34394 -0.02228201 0.9993255 0.02919155 106.3999 0.9494502 0.01200671 0.3136881 -101.9042 0 0 0 1
85 1 0.313126 0.03470553 -0.9490773 72.81121 -0.02228201 0.9993255 0.02919155 106.3999 0.9494502 0.01200671 0.3136881 -101.9042 0 0 0 1
86 0 0.3118779 0.03537213 -0.9494635 74.0816 -0.0223238 0.9993037 0.02989604 106.3235 0.9498599 0.01187172 0.3124503 -102.7532 0 0 0 1
86 1 0.3118779 0.03537213 -0.9494635 73.54889 -0.0223238 0.9993037 0.02989604 106.3235 0.9498599 0.01187172 0.3124503 -102.7532 0 0 0 1
87 0 0.3109379 0.0355772 -0.9497641 74.7325 -0.0218685 0.9993024 0.03027344 106.2425 0.9501786 0.01135676 0.3114991 -103.6529 0 0 0 1
87 1 0.3109379 0.0355772 -0.9497641 74.19977 -0.0218685 0.9993024 0.03027344 106.2425 0.9501786 0.01135676 0.3114991 -103.6529 0 0 0 1
88 0 0.3097088 0.03561687 -0.9501641 75.4493 -0.02251222 0.9992927 0.03012053 106.2982 0.9505649 0.01206171 0.3102916 -104.4852 0 0 0 1
88 1 0.3097088 0.03561687 -0.9501641 74.91656 -0.02251222 0.9992927 0.03012053 106.2982 0.9505649 0.01206171 0.3102916 -104.4852 0 0 0 1
89 0 0.3087263 0.03543442 -0.9504907 76.05772 -0.02366528 0.9992826 0.02956673 106.437 0.9508565 0.0133656 0.3093434 -105.1727 0 0 0 1
89 1 0.3087263 0.03543442 -0.9504907 75.52499 -0.02366528 0.9992826 0.02956673 106.437 0.9508565 0.0133656 0.3093434 -105.1727 0 0 0 1
90 0 0.3075255 0.03506917 -0.9508935 76.71908 -0.02449373 0.9992812 0.02893229 106.5611 0.9512246 0.01439351 0.3081634 -105.952 0 0 0 1
90 1 0.3075255 0.03506917 -0.9508935 76.18636 -0.02449373 0.9992812 0.02893229 106.5611 0.9512246 0.01439351 0.3081634 -105.952 0 0 0 1
91 0 0.3065479 0.03429564 -0.9512373 77.2552 -0.02438512 0.9993057 0.02817028 106.6288 0.9515429 0.01456049 0.3071713 -106.7438 0 0 0 1
91 1 0.3065479 0.03429564 -0.9512373 76.72247 -0.02438512 0.9993057 0.02817028 106.6288 0.9515429 0.01456049 0.3071713 -106.7438 0 0 0 1
92 0 0.3056657 0.03403194 -0.9515305 77.82949 -0.02405527 0.9993181 0.02801366 106.6152 0.951835 0.01432651 0.3062759 -107.5769 0 0 0 1
92 1 0.3056657 0.03403194 -0.9515305 77.29677 -0.02405527 0.9993181 0.02801366 106.6152 0.951835 0.01432651 0.3062759 -107.5769 0 0 0 1
93 0 0.3046092 0.03462411 -0.9518479 78.55877 -0.0230332 0.9993146 0.02897969 106.425 0.9521989 0.01309662 0.3051979 -108.5834 0 0 0 1
93 1 0.3046092 0.03462411 -0.9518479 78.02604 -0.0230332 0.9993146 0.02897969 106.425 0.9521989 0.01309662 0.3051979 -108.5834 0 0 0 1
94 0 0.3037512 0.03496243 -0.9521097 79.19318 -0.02188546 0.9993188 0.02971389 106.2472 0.9525 0.01181173 0.3043095 -109.5169 0 0 0 1
94 1 0.3037512 0.03496243 -0.9521097 78.66045 -0.02188546 0.9993188 0.02971389 106.2472 0.9525 0.01181173 0.3043095 -109.517 0 0 0 1
95 0 0.3026107 0.03519636 -0.9524641 79.894 -0.02170823 0.9993132 0.03003057 106.1904 0.9528669 0.01158874 0.3031669 -110.4014 0 0 0 1
95 1 0.3026107 0.03519636 -0.9524641 79.36128 -0.02170823 0.9993132 0.03003057 106.1904 0.9528669 0.01158874 0.3031669 -110.4014 0 0 0 1
96 0 0.3018293 0.03543618 -0.9527031 80.50223 -0.02180388 0.9993042 0.03026176 106.1654 0.9531126 0.01163874 0.302392 -111.1954 0 0 0 1
96 1 0.3018293 0.03543618 -0.9527031 79.9695 -0.02180388 0.9993042 0.03026176 106.1654 0.9531126 0.01163874 0.302392 -111.1954 0 0 0 1
97 0 0.300971 0.03618363 -0.9529465 81.17042 -0.02204042 0.9992769 0.03098173 106.0975 0.9533786 0.01167874 0.3015509 -111.9821 0 0 0 1
97 1 0.300971 0.03618363 -0.9529465 80.6377 -0.02204042 0.9992769 0.03098173 106.0975 0.9533786 0.01167874 0.3015509 -111.9821 0 0 0 1
98 0 0.300163 0.03672745 -0.9531807 81.85971 -0.02169026 0.9992629 0.03167266 105.9826 0.9536414 0.01116777 0.3007384 -112.9122 0 0 0 1
98 1 0.300163 0.03672745 -0.9531807 81.32698 -0.02169026 0.9992629 0.03167266 105.9826 0.9536414 0.01116777 0.3007384 -112.9122 0 0 0 1
99 0 0.2994291 0.03673682 -0.953411 82.43622 -0.02072656 0.9992731 0.03199458 105.8572 0.9538933 0.01018082 0.2999729 -113.808 0 0 0 1
99 1 0.2994291 0.03673682 -0.953411 81.9035 -0.02072656 0.9992731 0.03199458 105.8572 0.9538933 0.01018082 0.2999729 -113.808 0 0 0 1
100 0 0.2985357 0.036768 -0.95369 83.07829 -0.02019126 0.9992773 0.03220503 105.778 0.9541848 0.00964185 0.2990623 -114.723 0 0 0 1
100 1 0.2985357 0.036768 -0.95369 82.54556 -0.02019126 0.9992773 0.03220503 105.778 0.9541848 0.00964185 0.2990623 -114.723 0 0 0 1
101 0 0.2979612 0.03697089 -0.9538618 83.651 -0.02013318 0.9992708 0.03244184 105.7364 0.9543657 0.009537858 0.2984883 -115.5301 0 0 0 1
101 1 0.2979612 0.03697089 -0.9538618 83.11827 -0.02013318 0.9992708 0.03244184 105.7364 0.9543657 0.009537858 0.2984883 -115.5301 0 0 0 1
102 0 0.2974648 0.0369579 -0.9540172 84.18918 -0.02012579 0.9992712 0.03243573 105.7268 0.9545206 0.009551855 0.2979919 -116.3282 0 0 0 1
102 1 0.2974648 0.0369579 -0.9540172 83.65646 -0.02012579 0.9992712 0.03243573 105.7268 0.9545206 0.009551855 0.2979919 -116.3282 0 0 0 1
103 0 0.2970603 0.03615974 -0.9541738 84.68296 -0.01908229 0.9993079 0.03192932 105.6842 0.954668 0.008722886 0.2975447 -117.2982 0 0 0 1
103 1 0.2970603 0.03615974 -0.9541738 84.15023 -0.01908229 0.9993079 0.03192932 105.6842 0.954668 0.008722886 0.2975447 -117.2982 0 0 0 1
104 0 0.2964217 0.03588304 -0.954383 85.20951 -0.01864234 0.9993209 0.0317825 105.6529 0.9548753 0.008370905 0.2968894 -118.1108 0 0 0 1
104 1 0.2964217 0.03588304 -0.954383 84.67679 -0.01864234 0.9993209 0.0317825 105.6529 0.9548753 0.008370905 0.2968894 -118.1108 0 0 0 1
105 0 0.2960059 0.03536502 -0.9545313 85.72545 -0.01957558 0.9993291 0.03095426 105.8211 0.9549856 0.009522858 0.2964996 -118.854 0 0 0 1
105 1 0.2960059 0.03536502 -0.9545313 85.19273 -0.01957558 0.9993291 0.03095426 105.8211 0.9549856 0.009522858 0.2964996 -118.854 0 0 0 1
106 0 0.2950934 0.03469759 -0.9548383 86.23619 -0.02159467 0.9993273 0.02964042 106.1461 0.9552245 0.01187272 0.2956442 -119.3369 0 0 0 1
106 1 0.2950934 0.03469759 -0.9548383 85.70345 -0.02159467 0.9993273 0.02964042 106.1461 0.9552245 0.01187272 0.2956442 -119.3369 0 0 0 1
107 0 0.2940885 0.03470103 -0.955148 86.82374 -0.02278064 0.9993113 0.02929138 106.2866 0.9555066 0.01314462 0.2946765 -119.9168 0 0 0 1
107 1 0.2940885 0.03470103 -0.955148 86.29101 -0.02278064 0.9993113 0.02929138 106.2866 0.9555066 0.01314462 0.2946765 -119.9168 0 0 0 1
108 0 0.2929713 0.03564082 -0.9554567 87.56 -0.02408613 0.999263 0.02988938 106.3267 0.9558178 0.01425652 0.2936139 -120.5766 0 0 0 1
108 1 0.2929713 0.03564082 -0.9554567 87.02727 -0.02408613 0.999263 0.02988938 106.3267 0.9558178 0.01425652 0.2936139 -120.5766 0 0 0 1
109 0 0.2918252 0.0365009 -0.955775 88.2397 -0.02481686 0.9992241 0.03058293 106.3048 0.9561497 0.01479446 0.2925046 -121.2017 0 0 0 1
109 1 0.2918252 0.0365009 -0.955775 87.70697 -0.02481686 0.9992241 0.03058293 106.3048 0.9561497 0.01479446 0.2925046 -121.2017 0 0 0 1
110 0 0.2905223 0.03733576 -0.9561396 88.97075 -0.02581879 0.9991806 0.03117142 106.3198 0.9565199 0.01563037 0.2912481 -121.845 0 0 0 1
110 1 0.2905223 0.03733576 -0.9561396 88.43803 -0.02581879 0.9991806 0.03117142 106.3198 0.9565199 0.01563037 0.2912481 -121.845 0 0 0 1
111 0 0.2894011 0.03842811 -0.9564363 89.65674 -0.02567057 0.999146 0.03237665 106.1559 0.9568637 0.01518242 0.2901404 -122.5495 0 0 0 1
111 1 0.2894011 0.03842811 -0.9564363 89.12402 -0.02567057 0.999146 0.03237665 106.1559 0.9568637 0.01518242 0.2901404 -122.5495 0 0 0 1
112 0 0.2883779 0.03903252 -0.9567209 90.27419 -0.02591532 0.999121 0.03295089 106.1034 0.957166 0.01529141 0.289136 -123.1891 0 0 0 1
112 1 0.2883779 0.03903252 -0.9567209 89.74147 -0.02591532 0.999121 0.03295089 106.1034 0.957166 0.01529141 0.289136 -123.1891 0 0 0 1
113 0 0.2872664 0.04045195 -0.9569961 91.02153 -0.02671287 0.9990575 0.03421133 106.0168 0.9574781 0.01573635 0.2880763 -123.8455 0 0 0 1
113 1 0.2872664 0.04045195 -0.9569961 90.48881 -0.02671287 0.9990575 0.03421133 106.0168 0.9574781 0.01573635 0.2880763 -123.8455 0 0 0 1
114 0 0.286615 0.04077942 -0.9571776 91.551 -0.02710206 0.9990389 0.0344475 106.0184 0.9576625 0.01606831 0.2874447 -124.4636 0 0 0 1
114 1 0.286615 0.04077942 -0.9571776 91.01828 -0.02710206 0.9990389 0.0344475 106.0184 0.9576625 0.01606831 0.2874447 -124.4636 0 0 0 1
115 0 0.2857381 0.04049244 -0.9574519 92.08215 -0.02736587 0.9990442 0.0340845 106.0823 0.957917 0.01646226 0.2865731 -125.106 0 0 0 1
115 1 0.2857381 0.04049244 -0.9574519 91.54944 -0.02736587 0.9990442 0.0340845 106.0823 0.957917 0.01646226 0.2865731 -125.106 0 0 0 1
116 0 0.2850401 0.03998701 -0.9576811 92.51768 -0.02706112 0.9990669 0.03366067 106.1016 0.9581335 0.01632128 0.2858563 -125.7332 0 0 0 1
116 1 0.2850401 0.03998701 -0.9576811 91.98495 -0.02706112 0.9990669 0.03366067 106.1016 0.9581335 0.01632128 0.2858563 -125.7332 0 0 0 1
117 0 0.2843799 0.0400292 -0.9578757 92.99569 -0.02671332 0.9990709 0.03381992 106.0442 0.9583395 0.01597033 0.285185 -126.3713 0 0 0 1
117 1 0.2843799 0.0400292 -0.9578757 92.46296 -0.02671332 0.9990709 0.03381992 106.0442 0.9583395 0.01597033 0.285185 -126.3713 0 0 0 1
118 0 0.2837098 0.03929899 -0.9581046 93.42106 -0.02628495 0.9991031 0.03319725 106.0765 0.9585499 0.01576534 0.2844883 -127.035 0 0 0 1
118 1 0.2837098 0.03929899 -0.9581046 92.88834 -0.02628495 0.9991031 0.03319725 106.0765 0.9585499 0.01576534 0.2844883 -127.035 0 0 0 1
119 0 0.2828751 0.03883355 -0.9583704 93.85421 -0.02589834 0.999125 0.03284073 106.0799 0.9588072 0.01553038 0.2836332 -127.6089 0 0 0 1
119 1 0.2828751 0.03883355 -0.9583704 93.32148 -0.02589834 0.999125 0.03284073 106.0799 0.9588072 0.01553038 0.2836332 -127.6089 0 0 0 1
120 0 0.2820117 0.03809531 -0.9586543 94.28654 -0.0254505 0.9991568 0.03221792 106.1109 0.9590734 0.0153124 0.2827435 -128.2184 0 0 0 1
120 1 0.2820117 0.03809531 -0.9586543 93.75381 -0.0254505 0.9991568 0.03221792 106.1109 0.9590734 0.0153124 0.2827435 -128.2184 0 0 0 1
121 0 0.2812225 0.03818823 -0.9588825 94.75357 -0.02545981 0.9991531 0.03232514 106.0939 0.9593049 0.0153224 0.2819566 -128.7345 0 0 0 1
121 1 0.2812225 0.03818823 -0.9588825 94.22085 -0.02545981 0.9991531 0.03232514 106.0939 0.9593049 0.0153224 0.2819566 -128.7345 0 0 0 1
122 0 0.2805418 0.03789435 -0.9590936 95.15273 -0.02557206 0.9991608 0.03199741 106.1426 0.9595011 0.01554938 0.2812755 -129.2176 0 0 0 1
122 1 0.2805418 0.03789435 -0.9590936 94.62001 -0.02557206 0.9991608 0.03199741 106.1426 0.9595011 0.01554938 0.2812755 -129.2176 0 0 0 1
123 0 0.2795351 0.03802786 -0.9593822 95.66698 -0.02616278 0.999146 0.03198097 106.1982 0.959779 0.0161603 0.2802913 -129.6684 0 0 0 1
123 1 0.2795351 0.03802786 -0.9593822 95.13426 -0.02616278 0.999146 0.03198097 106.1982 0.959779 0.0161603 0.2802913 -129.6684 0 0 0 1
124 0 0.2785754 0.0370926 -0.9596978 96.02238 -0.02593262 0.9991801 0.03109103 106.2865 0.9600641 0.01622628 0.2793089 -130.1043 0 0 0 1
124 1 0.2785754 0.0370926 -0.9596978 95.48965 -0.02593262 0.9991801 0.03109103 106.2865 0.9600641 0.01622628 0.2793089 -130.1043 0 0 0 1
125 0 0.2768713 0.0376258 -0.9601701 96.65218 -0.02658023 0.9991506 0.03148873 106.2958 0.9605393 0.01680321 0.2776363 -130.4559 0 0 0 1
125 1 0.2768713 0.0376258 -0.9601701 96.11946 -0.02658023 0.9991506 0.03148873 106.2958 0.9605393 0.01680321 0.2776363 -130.4559 0 0 0 1
126 0 0.2756392 0.03771955 -0.9605209 97.12725 -0.02683018 0.9991424 0.0315368 106.3116 0.9608867 0.01707817 0.2764149 -130.8117 0 0 0 1
126 1 0.2756392 0.03771955 -0.9605209 96.59453 -0.02683018 0.9991424 0.0315368 106.3116 0.9608867 0.01707817 0.2764149 -130.8117 0 0 0 1
127 0 0.2742803 0.03708437 -0.9609345 97.56893 -0.02617486 0.9991738 0.03108899 106.3019 0.9612935 0.01662523 0.2750244 -131.2681 0 0 0 1
127 1 0.2742803 0.03708437 -0.9609345 97.0362 -0.02617486 0.9991738 0.03108899 106.3019 0.9612935 0.01662523 0.2750244 -131.2681 0 0 0 1
128 0 0.2731891 0.03595477 -0.9612883 97.88719 -0.02502149 0.9992287 0.03026297 106.2918 0.9616349 0.01578534 0.273878 -131.7288 0 0 0 1
128 1 0.2731891 0.03595477 -0.9612883 97.35446 -0.02502149 0.9992287 0.03026297 106.2918 0.9616349 0.01578534 0.273878 -131.7288 0 0 0 1
129 0 0.271983 0.03618428 -0.9616216 98.35536 -0.02383519 0.9992396 0.0308583 106.0926 0.9620069 0.01452749 0.2726386 -132.2201 0 0 0 1
129 1 0.271983 0.03618428 -0.9616216 97.82263 -0.02383519 0.9992396 0.0308583 106.0926 0.9620069 0.01452749 0.2726386 -132.2201 0 0 0 1
130 0 0.2709153 0.03717039 -0.9618853 98.90351 -0.02240884 0.9992269 0.03230193 105.7561 0.9623423 0.01280365 0.2715388 -132.8193 0 0 0 1
130 1 0.2709153 0.03717039 -0.9618853 98.37079 -0.02240884 0.9992269 0.03230193 105.7561 0.9623423 0.01280365 0.2715388 -132.8193 0 0 0 1
131 0 0.2699206 0.03724971 -0.9621618 99.31914 -0.02159449 0.9992343 0.03262693 105.6267 0.9626404 0.01197071 0.2705184 -133.2788 0 0 0 1
131 1 0.2699206 0.03724971 -0.9621618 98.78642 -0.02159449 0.9992343 0.03262693 105.6267 0.9626404 0.01197071 0.2705184 -133.2788 0 0 0 1
132 0 0.2684838 0.03713588 -0.962568 99.80492 -0.02132138 0.9992409 0.03260367 105.5971 0.9630481 0.01176973 0.2690718 -133.6725 0 0 0 1
132 1 0.2684838 0.03713588 -0.962568 99.27219 -0.02132138 0.9992409 0.03260367 105.5971 0.9630481 0.01176973 0.2690718 -133.6725 0 0 0 1
133 0 0.2673532 0.03639166 -0.9629111 100.1558 -0.02057251 0.9992744 0.03205397 105.5888 0.9633789 0.01123976 0.2679079 -134.0784 0 0 0 1
133 1 0.2673532 0.03639166 -0.9629111 99.62308 -0.02057251 0.9992744 0.03205397 105.5888 0.9633789 0.01123976 0.2679079 -134.0784 0 0 0 1
134 0 0.2665013 0.036142 -0.9631568 100.5219 -0.02010326 0.9992877 0.03193531 105.5517 0.9636249 0.01085179 0.267038 -134.4987 0 0 0 1
134 1 0.2665013 0.036142 -0.9631568 99.98914 -0.02010326 0.9992877 0.03193531 105.5517 0.9636249 0.01085179 0.267038 -134.4987 0 0 0 1
135 0 0.265424 0.03602703 -0.9634584 100.9554 -0.02016713 0.9992904 0.03181105 105.5697 0.9639208 0.01098678 0.2659622 -134.8826 0 0 0 1
135 1 0.265424 0.03602703 -0.9634584 100.4227 -0.02016713 0.9992904 0.03181105 105.5697 0.9639208 0.01098678 0.2659622 -134.8826 0 0 0 1
136 0 0.2643174 0.03617197 -0.9637572 101.3919 -0.02004359 0.9992866 0.03200837 105.5261 0.9642275 0.01085678 0.2648538 -135.2437 0 0 0 1
136 1 0.2643174 0.03617197 -0.9637572 100.8592 -0.02004359 0.9992866 0.03200837 105.5261 0.9642275 0.01085678 0.2648538 -135.2437 0 0 0 1
137 0 0.2633897 0.03583849 -0.9640236 101.7773 -0.01921144 0.9993064 0.03190123 105.4489 0.9644982 0.01011783 0.2638956 -135.7265 0 0 0 1
137 1 0.2633897 0.03583849 -0.9640236 101.2445 -0.01921144 0.9993064 0.03190123 105.4489 0.9644982 0.01011783 0.2638956 -135.7264 0 0 0 1
138 0 0.2626184 0.03506297 -0.9642625 102.0718 -0.0190994 0.9993327 0.03113646 105.535 0.9647108 0.01023982 0.2631128 -136.0872 0 0 0 1
138 1 0.2626184 0.03506297 -0.9642625 101.539 -0.0190994 0.9993327 0.03113646 105.535 0.9647108 0.01023982 0.2631128 -136.0872 0 0 0 1
139 0 0.2616835 0.03513095 -0.9645141 102.4745 -0.01903393 0.9993308 0.03123497 105.5103 0.9649661 0.01018482 0.2621771 -136.4496 0 0 0 1
139 1 0.2616835 0.03513095 -0.9645141 101.9418 -0.01903393 0.9993308 0.03123497 105.5103 0.9649661 0.01018482 0.2621771 -136.4496 0 0 0 1
140 0 0.2607529 0.03582273 -0.9647408 102.9665 -0.01848064 0.9993134 0.03211149 105.3285 0.9652287 0.009455861 0.2612359 -136.9278 0 0 0 1
140 1 0.2607529 0.03582273 -0.9647408 102.4337 -0.01848064 0.9993134 0.03211149 105.3285 0.9652287 0.009455861 0.2612359 -136.9278 0 0 0 1
141 0 0.2599425 0.03633456 -0.9649404 103.3946 -0.01805481 0.9993 0.03276463 105.1899 0.9654554 0.008904885 0.2604166 -137.3518 0 0 0 1
141 1 0.2599425 0.03633456 -0.9649404 102.8618 -0.01805481 0.9993 0.03276463 105.1899 0.9654554 0.008904885 0.2604166 -137.3518 0 0 0 1
142 0 0.2590461 0.03616469 -0.9651877 103.7931 -0.01795896 0.9993064 0.03262309 105.193 0.965698 0.008882883 0.2595159 -137.7524 0 0 0 1
142 1 0.2590461 0.03616469 -0.9651877 103.2603 -0.01795896 0.9993064 0.03262309 105.193 0.965698 0.008882883 0.2595159 -137.7524 0 0 0 1
143 0 0.2582731 0.035662 -0.9654135 104.1154 -0.01788573 0.9993237 0.03212973 105.2469 0.9659063 0.008968883 0.2587363 -138.1075 0 0 0 1
143 1 0.2582731 0.035662 -0.9654135 103.5826 -0.01788573 0.9993237 0.03212973 105.2469 0.9659063 0.008968883 0.2587363 -138.1075 0 0 0 1
144 0 0.2576086 0.03544302 -0.9655991 104.449 -0.01819564 0.9993278 0.0318267 105.3161 0.966078 0.009370865 0.2580803 -138.4384 0 0 0 1
144 1 0.2576086 0.03544302 -0.9655991 103.9163 -0.01819564 0.9993278 0.0318267 105.3161 0.966078 0.009370865 0.2580803 -138.4384 0 0 0 1
145 0 0.2570015 0.03604555 -0.9657387 104.8812 -0.01850113 0.9993045 0.03237487 105.2682 0.966234 0.009546857 0.2574896 -138.8426 0 0 0 1
145 1 0.2570015 0.03604555 -0.9657387 104.3485 -0.01850113 0.9993045 0.03237487 105.2682 0.966234 0.009546857 0.2574896 -138.8426 0 0 0 1
146 0 0.2565427 0.03731268 -0.9658124 105.3308 -0.01867454 0.9992594 0.03364445 105.1073 0.9663525 0.009404861 0.2570496 -139.2506 0 0 0 1
