frame cameraID r1,1 r1,2 r1,3 t1 r2,1 r2,2 r2,3 t2 r3,1 r3,2 r3,3 t3 0 0 0 1
0 0 0.6600683 0.03758863 -0.7502646 3.99355 -0.03350758 0.9992265 0.02058242 107.5819 0.7504579 0.01155374 0.6608173 0.1030425 0 0 0 1
0 1 0.6600683 0.03758863 -0.7502646 3.460824 -0.03350758 0.9992265 0.02058242 107.5819 0.7504579 0.01155374 0.6608173 0.1030424 0 0 0 1
1 0 0.6590399 0.03708325 -0.7511932 4.373763 -0.03272902 0.9992517 0.0206149 107.5858 0.7513955 0.01099978 0.6597604 -1.587246 0 0 0 1
1 1 0.6590399 0.03708325 -0.7511932 3.841038 -0.03272902 0.9992517 0.0206149 107.5858 0.7513955 0.01099978 0.6597604 -1.587245 0 0 0 1
2 0 0.657934 0.03695524 -0.7521684 4.760363 -0.03281452 0.9992534 0.02039153 107.5888 0.7523604 0.01126576 0.6586554 -3.050692 0 0 0 1
2 1 0.657934 0.03695524 -0.7521684 4.227638 -0.03281452 0.9992534 0.02039153 107.5888 0.7523604 0.01126576 0.6586554 -3.050692 0 0 0 1
3 0 0.656768 0.03651405 -0.7532082 5.115592 -0.03338211 0.9992557 0.01933406 107.5982 0.7533535 0.01244568 0.6574981 -4.411792 0 0 0 1
3 1 0.656768 0.03651405 -0.7532082 4.582866 -0.03338211 0.9992557 0.01933406 107.5982 0.7533535 0.01244568 0.6574981 -4.411792 0 0 0 1
4 0 0.655098 0.03573656 -0.7546983 5.490579 -0.03294137 0.9992819 0.01872412 107.6068 0.7548255 0.01259467 0.6558048 -6.017991 0 0 0 1
4 1 0.655098 0.03573656 -0.7546983 4.957854 -0.03294137 0.9992819 0.01872412 107.6069 0.7548255 0.01259467 0.6558048 -6.017991 0 0 0 1
5 0 0.6532036 0.03505221 -0.7563706 5.837033 -0.03214215 0.9993111 0.01855268 107.6114 0.7564998 0.0121927 0.6538802 -7.530903 0 0 0 1
5 1 0.6532036 0.03505221 -0.7563706 5.304308 -0.03214215 0.9993111 0.01855268 107.6114 0.7564998 0.0121927 0.6538802 -7.530903 0 0 0 1
6 0 0.6508464 0.03441607 -0.7584291 6.240041 -0.03266067 0.9993165 0.0173193 107.6304 0.7585067 0.01349859 0.6515256 -9.004238 0 0 0 1
6 1 0.6508464 0.03441607 -0.7584291 5.707316 -0.03266067 0.9993165 0.0173193 107.6304 0.7585067 0.01349859 0.6515256 -9.004238 0 0 0 1
7 0 0.6490427 0.03514098 -0.7599399 6.742099 -0.0339859 0.9992746 0.01718186 107.643 0.7599925 0.01467547 0.6497662 -10.34363 0 0 0 1
7 1 0.6490427 0.03514098 -0.7599399 6.209375 -0.0339859 0.9992746 0.01718186 107.643 0.7599925 0.01467547 0.6497662 -10.34363 0 0 0 1
8 0 0.647617 0.03578908 -0.761125 7.232725 -0.03495837 0.99924 0.0172406 107.654 0.7611637 0.01544238 0.648376 -11.72678 0 0 0 1
8 1 0.647617 0.03578908 -0.761125 6.699999 -0.03495837 0.99924 0.0172406 107.6541 0.7611637 0.01544238 0.648376 -11.72678 0 0 0 1
9 0 0.6461506 0.03705196 -0.76231 7.836404 -0.03591827 0.9991904 0.01812039 107.6554 0.7623643 0.01567236 0.6469584 -13.31189 0 0 0 1
9 1 0.6461506 0.03705196 -0.76231 7.303679 -0.03591827 0.9991904 0.01812039 107.6554 0.7623643 0.01567236 0.6469584 -13.31189 0 0 0 1
10 0 0.6448084 0.03786232 -0.7634059 8.34807 -0.03638708 0.9991605 0.0188207 107.6554 0.7634776 0.01564236 0.6456448 -14.77594 0 0 0 1
10 1 0.6448084 0.03786232 -0.7634059 7.815346 -0.03638708 0.9991605 0.0188207 107.6554 0.7634776 0.01564236 0.6456448 -14.77594 0 0 0 1
11 0 0.6434605 0.03847042 -0.764512 8.841745 -0.03720892 0.9991276 0.01895901 107.6665 0.7645745 0.01624729 0.6443306 -16.1707 0 0 0 1
11 1 0.6434605 0.03847042 -0.764512 8.309021 -0.03720892 0.9991276 0.01895901 107.6665 0.7645745 0.01624729 0.6443306 -16.1707 0 0 0 1
12 0 0.6421461 0.03862062 -0.7656088 9.321972 -0.03552429 0.9991564 0.02060616 107.6324 0.7657588 0.01396555 0.6429763 -18.01713 0 0 0 1
12 1 0.6421461 0.03862062 -0.7656088 8.789245 -0.03552429 0.9991564 0.02060616 107.6324 0.7657588 0.01396555 0.6429763 -18.01713 0 0 0 1
13 0 0.6408932 0.03761756 -0.7667078 9.636375 -0.03469045 0.9991974 0.02002653 107.6422 0.7668459 0.01376257 0.6416838 -19.49187 0 0 0 1
13 1 0.6408932 0.03761756 -0.7667078 9.10365 -0.03469045 0.9991974 0.02002653 107.6422 0.7668459 0.01376257 0.6416838 -19.49187 0 0 0 1
14 0 0.6395465 0.03638367 -0.7678909 9.97218 -0.03509553 0.9992198 0.01811463 107.6926 0.7679509 0.01536439 0.6403244 -20.91545 0 0 0 1
14 1 0.6395465 0.03638367 -0.7678909 9.439457 -0.03509553 0.9992198 0.01811463 107.6926 0.7679509 0.01536439 0.6403244 -20.91545 0 0 0 1
15 0 0.6385885 0.0364574 -0.7686843 10.39747 -0.03540396 0.9992114 0.01797889 107.7071 0.7687336 0.01573335 0.6393757 -22.32441 0 0 0 1
15 1 0.6385885 0.0364574 -0.7686843 9.864742 -0.03540396 0.9992114 0.01797889 107.7071 0.7687336 0.01573335 0.6393757 -22.32441 0 0 0 1
16 0 0.6377522 0.03665815 -0.7693688 10.83402 -0.03423915 0.9992287 0.01922847 107.673 0.7694803 0.01407954 0.6385154 -23.94486 0 0 0 1
16 1 0.6377522 0.03665815 -0.7693688 10.30129 -0.03423915 0.9992287 0.01922847 107.673 0.7694803 0.01407954 0.6385154 -23.94486 0 0 0 1
17 0 0.6369042 0.03726084 -0.7700421 11.35155 -0.0327382 0.9992375 0.0212733 107.6098 0.7702476 0.01166074 0.6376384 -25.78735 0 0 0 1
17 1 0.6369042 0.03726084 -0.7700421 10.81883 -0.0327382 0.9992375 0.0212733 107.6098 0.7702476 0.01166074 0.6376384 -25.78735 0 0 0 1
18 0 0.6361805 0.03774855 -0.7706163 11.81525 -0.03287797 0.9992215 0.02180442 107.6002 0.7708395 0.01146475 0.6369263 -27.24844 0 0 0 1
18 1 0.6361805 0.03774855 -0.7706163 11.28253 -0.03287797 0.9992215 0.02180442 107.6002 0.7708395 0.01146475 0.6369263 -27.24844 0 0 0 1
19 0 0.6356423 0.03737513 -0.7710785 12.23542 -0.03382037 0.9992166 0.02055327 107.6501 0.7712426 0.01301363 0.6364083 -28.66521 0 0 0 1
19 1 0.6356423 0.03737513 -0.7710785 11.70269 -0.03382037 0.9992166 0.02055327 107.6501 0.7712426 0.01301363 0.6364083 -28.66522 0 0 0 1
20 0 0.6349733 0.03768747 -0.7716142 12.69835 -0.0360193 0.9991674 0.01916087 107.7271 0.7716938 0.01562636 0.6358021 -29.81744 0 0 0 1
20 1 0.6349733 0.03768747 -0.7716142 12.16563 -0.0360193 0.9991674 0.01916087 107.7271 0.7716938 0.01562636 0.6358021 -29.81745 0 0 0 1
21 0 0.6341705 0.03776131 -0.7722706 13.1362 -0.0374104 0.9991354 0.01813366 107.7872 0.7722877 0.01739112 0.6350349 -31.05332 0 0 0 1
21 1 0.6341705 0.03776131 -0.7722706 12.60348 -0.0374104 0.9991354 0.01813366 107.7872 0.7722877 0.01739112 0.6350349 -31.05332 0 0 0 1
22 0 0.6335217 0.03840215 -0.7727714 13.67509 -0.03733108 0.9991214 0.0190462 107.768 0.7728238 0.01678221 0.6343987 -32.68386 0 0 0 1
22 1 0.6335217 0.03840215 -0.7727714 13.14236 -0.03733108 0.9991214 0.0190462 107.768 0.7728238 0.01678221 0.6343987 -32.68386 0 0 0 1
23 0 0.6328743 0.03925509 -0.7732589 14.18719 -0.03698553 0.9991065 0.0204496 107.7251 0.7733707 0.01565736 0.6337607 -34.2185 0 0 0 1
23 1 0.6328743 0.03925509 -0.7732589 13.65446 -0.03698553 0.9991065 0.0204496 107.7251 0.7733707 0.01565736 0.6337607 -34.2185 0 0 0 1
24 0 0.6323327 0.03857943 -0.7737357 14.53363 -0.03555166 0.9991521 0.02076451 107.6949 0.7738808 0.01437751 0.6331681 -35.76909 0 0 0 1
24 1 0.6323327 0.03857943 -0.7737357 14.00091 -0.03555166 0.9991521 0.02076451 107.6949 0.7738808 0.01437751 0.6331681 -35.76909 0 0 0 1
25 0 0.6315109 0.03825751 -0.7744227 14.96414 -0.03411812 0.9991857 0.02153914 107.6457 0.7746161 0.01281965 0.6323018 -37.483 0 0 0 1
25 1 0.6315109 0.03825751 -0.7744227 14.43141 -0.03411812 0.9991857 0.02153914 107.6457 0.7746161 0.01281965 0.6323018 -37.48301 0 0 0 1
26 0 0.630057 0.03658529 -0.7756866 15.25144 -0.03222127 0.999261 0.02095823 107.6311 0.7758801 0.01178873 0.6307702 -38.97898 0 0 0 1
26 1 0.630057 0.03658529 -0.7756866 14.71872 -0.03222127 0.999261 0.02095823 107.6311 0.7758801 0.01178873 0.6307702 -38.97897 0 0 0 1
27 0 0.6278983 0.03545612 -0.7774874 15.66495 -0.03140885 0.9993024 0.02020589 107.6448 0.7776614 0.01173273 0.6285739 -40.49853 0 0 0 1
27 1 0.6278983 0.03545612 -0.7774874 15.13222 -0.03140885 0.9993024 0.02020589 107.6448 0.7776614 0.01173273 0.6285739 -40.49853 0 0 0 1
28 0 0.626196 0.03497832 -0.7788807 16.07501 -0.03132514 0.9993152 0.01969325 107.6662 0.7790362 0.01206671 0.6268629 -41.83344 0 0 0 1
28 1 0.626196 0.03497832 -0.7788807 15.54229 -0.03132514 0.9993152 0.01969325 107.6662 0.7790362 0.01206671 0.6268629 -41.83344 0 0 0 1
29 0 0.6249711 0.03477903 -0.7798728 16.48856 -0.03192643 0.99931 0.01897994 107.7128 0.7799948 0.01303663 0.6256502 -43.10509 0 0 0 1
29 1 0.6249711 0.03477903 -0.7798728 15.95583 -0.03192643 0.99931 0.01897994 107.7128 0.7799948 0.01303663 0.6256502 -43.10509 0 0 0 1
30 0 0.6234046 0.03436478 -0.781144 16.93645 -0.03251442 0.9993089 0.01801384 107.7728 0.7812231 0.01416853 0.6240911 -44.48754 0 0 0 1
30 1 0.6234046 0.03436478 -0.781144 16.40373 -0.03251442 0.9993089 0.01801384 107.7728 0.7812231 0.01416853 0.6240911 -44.48754 0 0 0 1
31 0 0.6215574 0.0342922 -0.7826177 17.40486 -0.03339687 0.9992931 0.01726244 107.8337 0.7826564 0.01540739 0.6222632 -45.71063 0 0 0 1
31 1 0.6215574 0.0342922 -0.7826177 16.87213 -0.03339687 0.9992931 0.01726244 107.8337 0.7826564 0.01540739 0.6222632 -45.71063 0 0 0 1
32 0 0.6194518 0.03380303 -0.7843066 17.84875 -0.0337978 0.9992945 0.01637508 107.8912 0.7843069 0.01636427 0.6201572 -46.95474 0 0 0 1
32 1 0.6194518 0.03380303 -0.7843066 17.31603 -0.0337978 0.9992945 0.01637508 107.8911 0.7843069 0.01636427 0.6201572 -46.95474 0 0 0 1
33 0 0.6172216 0.03380929 -0.7860627 18.38425 -0.03338142 0.999302 0.01676959 107.874 0.7860809 0.01588933 0.6179194 -48.47775 0 0 0 1
33 1 0.6172216 0.03380929 -0.7860627 17.85152 -0.03338142 0.999302 0.01676959 107.874 0.7860809 0.01588933 0.6179194 -48.47775 0 0 0 1
34 0 0.6155143 0.0335808 -0.78741 18.83688 -0.03266121 0.9993204 0.01708709 107.8491 0.7874486 0.01520042 0.6161928 -49.89343 0 0 0 1
34 1 0.6155143 0.0335808 -0.78741 18.30416 -0.03266121 0.9993204 0.01708709 107.8491 0.7874486 0.01520042 0.6161928 -49.89343 0 0 0 1
35 0 0.6138043 0.03467132 -0.7886965 19.45615 -0.03286377 0.9992913 0.01835285 107.8055 0.7887739 0.01465448 0.6145088 -51.42746 0 0 0 1
35 1 0.6138043 0.03467132 -0.7886965 18.92343 -0.03286377 0.9992913 0.01835285 107.8055 0.7887739 0.01465448 0.6145088 -51.42746 0 0 0 1
36 0 0.6124676 0.03531507 -0.7897064 19.97447 -0.03291158 0.9992746 0.01916177 107.7756 0.7898102 0.01425452 0.6131856 -52.81493 0 0 0 1
36 1 0.6124676 0.03531507 -0.7897064 19.44174 -0.03291158 0.9992746 0.01916177 107.7756 0.7898102 0.01425452 0.6131856 -52.81493 0 0 0 1
37 0 0.6113187 0.0348108 -0.7906185 20.36195 -0.03196082 0.999303 0.01928654 107.7474 0.7907388 0.01347859 0.6120052 -54.24406 0 0 0 1
37 1 0.6113187 0.0348108 -0.7906185 19.82923 -0.03196082 0.999303 0.01928654 107.7474 0.7907388 0.01347859 0.6120052 -54.24406 0 0 0 1
38 0 0.6098516 0.0342946 -0.7917733 20.81056 -0.03082989 0.9993337 0.01953854 107.7056 0.7919158 0.01249467 0.6105025 -55.82362 0 0 0 1
38 1 0.6098516 0.0342946 -0.7917733 20.27784 -0.03082989 0.9993337 0.01953854 107.7056 0.7919158 0.01249467 0.6105025 -55.82362 0 0 0 1
39 0 0.6084584 0.03327768 -0.7928878 21.1701 -0.02934799 0.9993805 0.01942271 107.668 0.793043 0.01145175 0.6090581 -57.26511 0 0 0 1
39 1 0.6084584 0.03327768 -0.7928878 20.63738 -0.02934799 0.9993805 0.01942271 107.668 0.793043 0.01145175 0.6090581 -57.26512 0 0 0 1
40 0 0.6069851 0.03260064 -0.7940443 21.61715 -0.02979729 0.9993893 0.01825366 107.7484 0.7941545 0.01258067 0.6075858 -58.6094 0 0 0 1
40 1 0.6069851 0.03260064 -0.7940443 21.08442 -0.02979729 0.9993893 0.01825366 107.7484 0.7941545 0.01258067 0.6075858 -58.6094 0 0 0 1
41 0 0.6058469 0.0332343 -0.7948868 22.14025 -0.03182368 0.9993398 0.01752712 107.8619 0.7949445 0.01467747 0.6065046 -59.71971 0 0 0 1
41 1 0.6058469 0.0332343 -0.7948868 21.60753 -0.03182368 0.9993398 0.01752712 107.8619 0.7949445 0.01467747 0.6065046 -59.71971 0 0 0 1
42 0 0.6046828 0.03444791 -0.7957211 22.72666 -0.03337567 0.9992826 0.01789761 107.9035 0.7957668 0.01573535 0.6053987 -60.94133 0 0 0 1
42 1 0.6046828 0.03444791 -0.7957211 22.19394 -0.03337567 0.9992826 0.01789761 107.9035 0.7957668 0.01573535 0.6053987 -60.94133 0 0 0 1
43 0 0.6032708 0.03457934 -0.7967865 23.26114 -0.03263796 0.9992931 0.01865666 107.8439 0.7968684 0.01475047 0.6039729 -62.50848 0 0 0 1
43 1 0.6032708 0.03457934 -0.7967865 22.72841 -0.03263796 0.9992931 0.01865666 107.8439 0.7968684 0.01475047 0.6039729 -62.50848 0 0 0 1
44 0 0.6013607 0.03382133 -0.7982616 23.71186 -0.031376 0.9993326 0.01870373 107.802 0.7983615 0.01379856 0.6020205 -63.92134 0 0 0 1
44 1 0.6013607 0.03382133 -0.7982616 23.17914 -0.031376 0.9993326 0.01870373 107.802 0.7983615 0.01379856 0.6020205 -63.92134 0 0 0 1
45 0 0.5989367 0.0319786 -0.8001576 24.09957 -0.03003812 0.9993963 0.01745701 107.8304 0.8002328 0.01357959 0.5995357 -65.23976 0 0 0 1
45 1 0.5989367 0.0319786 -0.8001576 23.56684 -0.03003812 0.9993963 0.01745701 107.8304 0.8002328 0.01357959 0.5995357 -65.23975 0 0 0 1
46 0 0.59622 0.03106747 -0.8022197 24.65511 -0.02877883 0.9994358 0.01731624 107.7967 0.8023051 0.01276266 0.5967777 -66.74895 0 0 0 1
46 1 0.59622 0.03106747 -0.8022197 24.12238 -0.02877883 0.9994358 0.01731624 107.7967 0.8023051 0.01276266 0.5967777 -66.74895 0 0 0 1
47 0 0.5941331 0.03076199 -0.8037784 25.17696 -0.02781685 0.9994565 0.0176894 107.7415 0.8038857 0.01184873 0.5946659 -68.14861 0 0 0 1
47 1 0.5941331 0.03076199 -0.8037784 24.64423 -0.02781685 0.9994565 0.0176894 107.7415 0.8038857 0.01184873 0.5946659 -68.14862 0 0 0 1
48 0 0.5922182 0.03086336 -0.8051864 25.77605 -0.02683573 0.9994673 0.01857248 107.6516 0.8053306 0.0106088 0.592731 -69.73029 0 0 0 1
48 1 0.5922182 0.03086336 -0.8051864 25.24333 -0.02683573 0.9994673 0.01857248 107.6516 0.8053306 0.0106088 0.592731 -69.73029 0 0 0 1
49 0 0.5905116 0.03143684 -0.8064167 26.36823 -0.02762051 0.9994429 0.01873609 107.6768 0.8065565 0.01120976 0.5910509 -70.98569 0 0 0 1
49 1 0.5905116 0.03143684 -0.8064167 25.83551 -0.02762051 0.9994429 0.01873609 107.6768 0.8065565 0.01120976 0.5910509 -70.98569 0 0 0 1
50 0 0.5890018 0.03205013 -0.807496 26.94864 -0.0287456 0.9994118 0.01869987 107.7303 0.8076203 0.0121977 0.5895767 -72.19943 0 0 0 1
50 1 0.5890018 0.03205013 -0.807496 26.41592 -0.0287456 0.9994118 0.01869987 107.7303 0.8076203 0.0121977 0.5895767 -72.19943 0 0 0 1
51 0 0.5873058 0.03291925 -0.8086954 27.60905 -0.02989822 0.999373 0.01896785 107.7678 0.8088127 0.01303863 0.5879217 -73.55865 0 0 0 1
51 1 0.5873058 0.03291925 -0.8086954 27.07632 -0.02989822 0.999373 0.01896785 107.7678 0.8088127 0.01303863 0.5879217 -73.55865 0 0 0 1
52 0 0.5860324 0.03377166 -0.8095836 28.19268 -0.0304636 0.999343 0.01963579 107.7536 0.8097149 0.01315562 0.5866761 -74.86995 0 0 0 1
52 1 0.5860324 0.03377166 -0.8095836 27.65996 -0.0304636 0.999343 0.01963579 107.7536 0.8097149 0.01315562 0.5866761 -74.86996 0 0 0 1
53 0 0.5847943 0.03411287 -0.8104641 28.71122 -0.02981428 0.9993442 0.0205503 107.6679 0.8106336 0.0121457 0.5854278 -76.29658 0 0 0 1
53 1 0.5847943 0.03411287 -0.8104641 28.17849 -0.02981428 0.9993442 0.0205503 107.6679 0.8106336 0.0121457 0.5854278 -76.29658 0 0 0 1
54 0 0.5837907 0.03402295 -0.8111911 29.20027 -0.02969238 0.9993479 0.02054587 107.667 0.8113612 0.01209171 0.5844201 -77.75979 0 0 0 1
54 1 0.5837907 0.03402295 -0.8111911 28.66754 -0.02969238 0.9993479 0.02054587 107.667 0.8113612 0.01209171 0.5844201 -77.7598 0 0 0 1
55 0 0.5828216 0.03370328 -0.811901 29.62858 -0.03108828 0.9993328 0.0191672 107.833 0.8120053 0.01406954 0.5834806 -78.86758 0 0 0 1
55 1 0.5828216 0.03370328 -0.811901 29.09586 -0.03108828 0.9993328 0.0191672 107.833 0.8120053 0.01406954 0.5834806 -78.86758 0 0 0 1
56 0 0.5817282 0.03358374 -0.8126897 30.12568 -0.0335015 0.9992887 0.01731421 108.0872 0.812693 0.01715416 0.5824395 -79.98199 0 0 0 1
56 1 0.5817282 0.03358374 -0.8126897 29.59295 -0.0335015 0.9992887 0.01731421 108.0872 0.812693 0.01715416 0.5824395 -79.98199 0 0 0 1
57 0 0.5807462 0.03422043 -0.8133652 30.65224 -0.03497741 0.9992424 0.01706677 108.1873 0.813333 0.01853794 0.5815032 -81.14617 0 0 0 1
57 1 0.5807462 0.03422043 -0.8133652 30.11952 -0.03497741 0.9992424 0.01706677 108.1873 0.813333 0.01853794 0.5815032 -81.14618 0 0 0 1
58 0 0.5800132 0.0345425 -0.8138745 31.1224 -0.03474854 0.9992403 0.01764602 108.1462 0.8138657 0.01804602 0.5807728 -82.51698 0 0 0 1
58 1 0.5800132 0.0345425 -0.8138745 30.58967 -0.03474854 0.9992403 0.01764602 108.1462 0.8138657 0.01804602 0.5807728 -82.51698 0 0 0 1
59 0 0.5789776 0.03519923 -0.8145834 31.69158 -0.03343283 0.9992524 0.01941613 107.9613 0.8146577 0.01599232 0.5797216 -84.17426 0 0 0 1
59 1 0.5789776 0.03519923 -0.8145834 31.15885 -0.03343283 0.9992524 0.01941613 107.9613 0.8146577 0.01599232 0.5797216 -84.17425 0 0 0 1
60 0 0.5781982 0.03432979 -0.8151738 32.03864 -0.03143726 0.9993098 0.01978613 107.84 0.8152905 0.01418653 0.5788783 -85.67461 0 0 0 1
60 1 0.5781982 0.03432979 -0.8151738 31.50591 -0.03143726 0.9993098 0.01978613 107.84 0.8152905 0.01418653 0.5788783 -85.67461 0 0 0 1
61 0 0.5773413 0.03383477 -0.8158016 32.42878 -0.02998958 0.9993456 0.02022356 107.7376 0.815952 0.01278965 0.5779782 -87.12698 0 0 0 1
61 1 0.5773413 0.03383477 -0.8158016 31.89605 -0.02998958 0.9993456 0.02022356 107.7376 0.815952 0.01278965 0.5779782 -87.12698 0 0 0 1
62 0 0.57645 0.03326405 -0.8164552 32.85193 -0.02772425 0.999392 0.02114284 107.5505 0.816662 0.01044781 0.5770217 -88.81078 0 0 0 1
62 1 0.57645 0.03326405 -0.8164552 32.31921 -0.02772425 0.999392 0.02114284 107.5505 0.816662 0.01044781 0.5770217 -88.81078 0 0 0 1
63 0 0.5757333 0.03382415 -0.8169377 33.33324 -0.02690368 0.9993866 0.02241794 107.4073 0.8171948 0.009071877 0.5762901 -90.26391 0 0 0 1
63 1 0.5757333 0.03382415 -0.8169377 32.80052 -0.02690368 0.9993866 0.02241794 107.4073 0.8171948 0.009071877 0.5762901 -90.26391 0 0 0 1
64 0 0.5751359 0.03412718 -0.8173457 33.81452 -0.02648596 0.9993825 0.02309068 107.3303 0.8176289 0.008367903 0.5756847 -91.7771 0 0 0 1
64 1 0.5751359 0.03412718 -0.8173457 33.2818 -0.02648596 0.9993825 0.02309068 107.3303 0.8176289 0.008367903 0.5756847 -91.77711 0 0 0 1
65 0 0.5744053 0.03436068 -0.8178496 34.2642 -0.02752882 0.9993643 0.02265226 107.4243 0.818108 0.009502856 0.5749861 -92.95335 0 0 0 1
65 1 0.5744053 0.03436068 -0.8178496 33.73147 -0.02752882 0.9993643 0.02265226 107.4243 0.818108 0.009502856 0.5749861 -92.95335 0 0 0 1
66 0 0.5729933 0.03331886 -0.8188826 34.66804 -0.02802422 0.9993855 0.02105393 107.5849 0.8190808 0.01088479 0.573575 -94.06744 0 0 0 1
66 1 0.5729933 0.03331886 -0.8188826 34.1353 -0.02802422 0.9993855 0.02105393 107.5849 0.8190808 0.01088479 0.573575 -94.06744 0 0 0 1
67 0 0.5705105 0.03296361 -0.8206285 35.30508 -0.0287748 0.999383 0.02013937 107.7078 0.8207861 0.0121237 0.571107 -95.28122 0 0 0 1
67 1 0.5705105 0.03296361 -0.8206285 34.77235 -0.0287748 0.999383 0.02013937 107.7078 0.8207861 0.0121237 0.571107 -95.28122 0 0 0 1
68 0 0.5685421 0.03300341 -0.8219919 35.8857 -0.02910284 0.9993764 0.0199961 107.7438 0.8221393 0.01255367 0.5691481 -96.46355 0 0 0 1
68 1 0.5685421 0.03300341 -0.8219919 35.35298 -0.02910284 0.9993764 0.0199961 107.7438 0.8221393 0.01255367 0.5691481 -96.46354 0 0 0 1
69 0 0.5672835 0.03492719 -0.8227816 36.61082 -0.03007264 0.9993124 0.02168675 107.6627 0.8229733 0.01244068 0.5679438 -97.85468 0 0 0 1
69 1 0.5672835 0.03492719 -0.8227816 36.07809 -0.03007264 0.9993124 0.02168675 107.6627 0.8229733 0.01244068 0.5679438 -97.85468 0 0 0 1
70 0 0.5667381 0.03588936 -0.823116 37.11623 -0.03088731 0.999274 0.0223034 107.6627 0.8233189 0.01278365 0.5674351 -99.08398 0 0 0 1
70 1 0.5667381 0.03588936 -0.823116 36.5835 -0.03088731 0.999274 0.0223034 107.6627 0.8233189 0.01278365 0.5674351 -99.08398 0 0 0 1
71 0 0.56591 0.03633297 -0.8236661 37.60008 -0.03122777 0.9992563 0.02262305 107.6598 0.8238754 0.01291864 0.5666237 -100.3114 0 0 0 1
71 1 0.56591 0.03633297 -0.8236661 37.06736 -0.03122777 0.9992563 0.02262305 107.6598 0.8238754 0.01291864 0.5666237 -100.3114 0 0 0 1
72 0 0.5648978 0.03576123 -0.8243856 38.03347 -0.03115267 0.9992725 0.0220008 107.7151 0.8245726 0.01325361 0.5656009 -101.6184 0 0 0 1
72 1 0.5648978 0.03576123 -0.8243856 37.50075 -0.03115267 0.9992725 0.0220008 107.715 0.8245726 0.01325361 0.5656009 -101.6184 0 0 0 1
73 0 0.5641237 0.0341705 -0.8249829 38.29834 -0.02993882 0.9993328 0.02091983 107.74 0.8251473 0.01289764 0.5647705 -102.8666 0 0 0 1
73 1 0.5641237 0.0341705 -0.8249829 37.76561 -0.02993882 0.9993328 0.02091983 107.74 0.8251473 0.01289764 0.5647705 -102.8666 0 0 0 1
74 0 0.5631289 0.03349407 -0.8256901 38.68096 -0.02930633 0.9993592 0.02055173 107.7374 0.8258494 0.01262467 0.5637497 -104.0795 0 0 0 1
74 1 0.5631289 0.03349407 -0.8256901 38.14824 -0.02930633 0.9993592 0.02055173 107.7374 0.8258494 0.01262467 0.5637497 -104.0795 0 0 0 1
75 0 0.5613333 0.03216069 -0.8269647 39.13162 -0.02891059 0.9993968 0.01924243 107.8364 0.8270847 0.01310663 0.5619245 -105.2823 0 0 0 1
75 1 0.5613333 0.03216069 -0.8269647 38.5989 -0.02891059 0.9993968 0.01924243 107.8364 0.8270847 0.01310663 0.5619245 -105.2823 0 0 0 1
76 0 0.5595533 0.03188732 -0.8281807 39.65455 -0.02973852 0.9993886 0.01838673 107.9755 0.8282607 0.01434051 0.5601594 -106.2662 0 0 0 1
76 1 0.5595533 0.03188732 -0.8281807 39.12183 -0.02973852 0.9993886 0.01838673 107.9754 0.8282607 0.01434051 0.5601594 -106.2662 0 0 0 1
77 0 0.5580509 0.03328191 -0.829139 40.34285 -0.03288588 0.9992974 0.01797832 108.2306 0.8291548 0.01723415 0.5587533 -107.1846 0 0 0 1
77 1 0.5580509 0.03328191 -0.829139 39.81013 -0.03288588 0.9992974 0.01797832 108.2306 0.8291548 0.01723415 0.5587533 -107.1846 0 0 0 1
78 0 0.5567877 0.03478606 -0.8299262 40.97435 -0.03470919 0.9992244 0.01859615 108.3044 0.8299294 0.01845195 0.5575632 -108.1572 0 0 0 1
78 1 0.5567877 0.03478606 -0.8299262 40.44162 -0.03470919 0.9992244 0.01859615 108.3044 0.8299294 0.01845195 0.5575632 -108.1572 0 0 0 1
79 0 0.5556158 0.03639985 -0.830642 41.6017 -0.03416846 0.9991969 0.02093089 108.0557 0.8307368 0.01675222 0.5564134 -109.4321 0 0 0 1
79 1 0.5556158 0.03639985 -0.830642 41.06898 -0.03416846 0.9991969 0.02093089 108.0557 0.8307368 0.01675222 0.5564134 -109.4321 0 0 0 1
80 0 0.5545553 0.03649002 -0.8313465 42.08256 -0.03238216 0.9992277 0.02225804 107.8136 0.8315166 0.01457748 0.5553087 -110.8522 0 0 0 1
80 1 0.5545553 0.03649002 -0.8313465 41.54984 -0.03238216 0.9992277 0.02225804 107.8136 0.8315166 0.01457748 0.5553087 -110.8522 0 0 0 1
81 0 0.5531429 0.03622575 -0.8322984 42.54244 -0.03132646 0.999252 0.02267294 107.705 0.8324972 0.01353158 0.553864 -112.0049 0 0 0 1
81 1 0.5531429 0.03622575 -0.8322984 42.00971 -0.03132646 0.999252 0.02267294 107.705 0.8324972 0.01353158 0.553864 -112.0049 0 0 0 1
82 0 0.5518399 0.03546153 -0.8331959 42.93412 -0.03047716 0.9992857 0.02234492 107.6816 0.833393 0.01306263 0.5525265 -113.0844 0 0 0 1
82 1 0.5518399 0.03546153 -0.8331959 42.4014 -0.03047716 0.9992857 0.02234492 107.6816 0.833393 0.01306263 0.5525265 -113.0844 0 0 0 1
83 0 0.5504251 0.0349642 -0.8341522 43.39379 -0.02959464 0.9993119 0.02235863 107.6214 0.8343599 0.01237968 0.5510811 -114.2693 0 0 0 1
83 1 0.5504251 0.0349642 -0.8341522 42.86106 -0.02959464 0.9993119 0.02235863 107.6214 0.8343599 0.01237968 0.5510811 -114.2693 0 0 0 1
84 0 0.5492265 0.03503429 -0.8349389 43.85043 -0.02930944 0.9993137 0.02265164 107.5748 0.8351594 0.01203071 0.5498763 -115.3058 0 0 0 1
84 1 0.5492265 0.03503429 -0.8349389 43.3177 -0.02930944 0.9993137 0.02265164 107.5748 0.8351594 0.01203071 0.5498763 -115.3058 0 0 0 1
85 0 0.5480958 0.03470553 -0.8356953 44.28451 -0.0290781 0.9993255 0.02242987 107.5833 0.83591 0.01200671 0.5487353 -116.4021 0 0 0 1
85 1 0.5480958 0.03470553 -0.8356953 43.75177 -0.0290781 0.9993255 0.02242987 107.5833 0.83591 0.01200671 0.5487353 -116.4021 0 0 0 1
86 0 0.54699 0.03537213 -0.8363914 44.78444 -0.0293008 0.9993037 0.02309953 107.5344 0.8366262 0.01187172 0.5476456 -117.3954 0 0 0 1
86 1 0.54699 0.03537213 -0.8363914 44.25172 -0.0293008 0.9993037 0.02309953 107.5344 0.8366262 0.01187172 0.5476456 -117.3954 0 0 0 1
87 0 0.5461602 0.0355772 -0.836925 45.19561 -0.0289587 0.9993024 0.02358191 107.462 0.8371801 0.01135675 0.5468094 -118.4298 0 0 0 1
87 1 0.5461602 0.0355772 -0.836925 44.66287 -0.0289587 0.9993024 0.02358191 107.462 0.8371801 0.01135675 0.5468094 -118.4298 0 0 0 1
88 0 0.5450764 0.03561687 -0.8376296 45.65361 -0.0295409 0.9992927 0.02326761 107.5404 0.8378658 0.01206171 0.545743 -119.4147 0 0 0 1
88 1 0.5450764 0.03561687 -0.8376296 45.12087 -0.0295409 0.9992927 0.02326761 107.5404 0.8378658 0.01206171 0.545743 -119.4147 0 0 0 1
89 0 0.5442119 0.03543442 -0.8381992 46.02673 -0.03051134 0.9992826 0.02243424 107.7033 0.8383928 0.0133656 0.5449026 -120.2349 0 0 0 1
89 1 0.5442119 0.03543442 -0.8381992 45.494 -0.03051134 0.9992826 0.02243424 107.7033 0.8383928 0.0133656 0.5449026 -120.2349 0 0 0 1
90 0 0.5431562 0.03506918 -0.838899 46.4339 -0.03114735 0.9992812 0.021607 107.8431 0.8390538 0.0143935 0.5438581 -121.1639 0 0 0 1
90 1 0.5431562 0.03506918 -0.838899 45.90118 -0.03114735 0.9992812 0.021607 107.8431 0.8390538 0.0143935 0.5438581 -121.1639 0 0 0 1
91 0 0.5423009 0.03429563 -0.8394841 46.7386 -0.03084522 0.9993057 0.02089907 107.8997 0.839618 0.01456049 0.5429822 -122.0879 0 0 0 1
91 1 0.5423009 0.03429563 -0.8394841 46.20588 -0.03084522 0.9993057 0.02089907 107.8997 0.839618 0.01456049 0.5429822 -122.0879 0 0 0 1
92 0 0.5415245 0.03403194 -0.8399958 47.08308 -0.03048608 0.9993181 0.02083316 107.8841 0.8401319 0.01432651 0.5421928 -123.0497 0 0 0 1
92 1 0.5415245 0.03403194 -0.8399958 46.55035 -0.03048608 0.9993181 0.02083316 107.8841 0.8401319 0.01432651 0.5421928 -123.0497 0 0 0 1
93 0 0.5405862 0.03462411 -0.8405759 47.56403 -0.02974886 0.9993146 0.0220308 107.7036 0.8407626 0.01309662 0.5412457 -124.2003 0 0 0 1
93 1 0.5405862 0.03462411 -0.8405759 47.0313 -0.02974886 0.9993146 0.0220308 107.7036 0.8407626 0.01309662 0.5412457 -124.2003 0 0 0 1
94 0 0.5398251 0.03496243 -0.8410508 47.97243 -0.02883025 0.9993188 0.02303704 107.5256 0.8412834 0.01181172 0.5404654 -125.2632 0 0 0 1
94 1 0.5398251 0.03496243 -0.8410508 47.43971 -0.02883025 0.9993188 0.02303704 107.5256 0.8412834 0.01181172 0.5404654 -125.2632 0 0 0 1
95 0 0.5388153 0.03519636 -0.8416885 48.42794 -0.02874103 0.9993132 0.0233888 107.4829 0.8419335 0.01158874 0.5394568 -126.2936 0 0 0 1
95 1 0.5388153 0.03519636 -0.8416885 47.89522 -0.02874103 0.9993132 0.0233888 107.4829 0.8419335 0.01158874 0.5394568 -126.2936 0 0 0 1
96 0 0.5381224 0.03543618 -0.8421214 48.80992 -0.02889325 0.9993042 0.02358736 107.4757 0.8423713 0.01163874 0.5387719 -127.2111 0 0 0 1
96 1 0.5381224 0.03543618 -0.8421214 48.27719 -0.02889325 0.9993042 0.02358736 107.4757 0.8423713 0.01163874 0.5387719 -127.2111 0 0 0 1
97 0 0.5373566 0.03618363 -0.8425786 49.25446 -0.02930807 0.9992769 0.02422157 107.4418 0.8428457 0.01167873 0.5380285 -128.1233 0 0 0 1
97 1 0.5373566 0.03618363 -0.8425786 48.72174 -0.02930807 0.9992769 0.02422157 107.4418 0.8428457 0.01167873 0.5380285 -128.1233 0 0 0 1
98 0 0.5366366 0.03672745 -0.8430138 49.69648 -0.02914867 0.9992629 0.02497958 107.3466 0.8433099 0.01116777 0.5373116 -129.1876 0 0 0 1
98 1 0.5366366 0.03672745 -0.8430138 49.16375 -0.02914867 0.9992629 0.02497958 107.3466 0.8433099 0.01116777 0.5373116 -129.1876 0 0 0 1
99 0 0.5359873 0.03673683 -0.8434264 50.04885 -0.02830113 0.9992731 0.02553996 107.2149 0.8437516 0.01018082 0.5366374 -130.2068 0 0 0 1
99 1 0.5359873 0.03673683 -0.8434264 49.51612 -0.02830113 0.9992731 0.02553996 107.2149 0.8437516 0.01018082 0.5366374 -130.2068 0 0 0 1
100 0 0.5351965 0.036768 -0.843927 50.44731 -0.02783854 0.9992773 0.02588179 107.1382 0.8442687 0.00964185 0.5358334 -131.2586 0 0 0 1
100 1 0.5351965 0.036768 -0.843927 49.91459 -0.02783854 0.9992773 0.02588179 107.1382 0.8442687 0.00964185 0.5358334 -131.2586 0 0 0 1
101 0 0.5346861 0.03697089 -0.8442417 50.79566 -0.02784372 0.9992708 0.02612556 107.1109 0.8445919 0.009537855 0.5353256 -132.1814 0 0 0 1
101 1 0.5346861 0.03697089 -0.8442417 50.26294 -0.02784372 0.9992708 0.02612556 107.1109 0.8445919 0.009537855 0.5353256 -132.1814 0 0 0 1
102 0 0.5342468 0.0369579 -0.8445203 51.10868 -0.02783501 0.9992712 0.02612158 107.1105 0.8448702 0.009551857 0.5348862 -133.0919 0 0 0 1
102 1 0.5342468 0.0369579 -0.8445203 50.57596 -0.02783501 0.9992712 0.02612158 107.1105 0.8448702 0.009551857 0.5348862 -133.092 0 0 0 1
103 0 0.5338964 0.03615974 -0.8447763 51.35352 -0.02669599 0.9993079 0.02590249 107.0376 0.8451284 0.008722889 0.5344923 -134.1827 0 0 0 1
103 1 0.5338964 0.03615974 -0.8447763 50.82079 -0.02669599 0.9993079 0.02590249 107.0376 0.8451284 0.008722889 0.5344923 -134.1827 0 0 0 1
104 0 0.5333341 0.03588304 -0.8451433 51.66019 -0.02623304 0.9993209 0.02587454 107 0.8454978 0.008370902 0.5339133 -135.1132 0 0 0 1
104 1 0.5333341 0.03588304 -0.8451433 51.12746 -0.02623304 0.9993209 0.02587454 106.9999 0.8454978 0.008370902 0.5339133 -135.1132 0 0 0 1
105 0 0.5329708 0.03536502 -0.8453943 51.93226 -0.02692012 0.9993291 0.02483298 107.1802 0.8457053 0.009522857 0.5335652 -135.9731 0 0 0 1
105 1 0.5329708 0.03536502 -0.8453943 51.39954 -0.02692012 0.9993291 0.02483298 107.1802 0.8457053 0.009522857 0.5335652 -135.9731 0 0 0 1
106 0 0.5321687 0.03469758 -0.8459271 52.23295 -0.02853035 0.9993274 0.02304133 107.5315 0.8461575 0.01187272 0.5328007 -136.5783 0 0 0 1
106 1 0.5321687 0.03469758 -0.8459271 51.70022 -0.02853035 0.9993274 0.02304133 107.5315 0.8461575 0.01187272 0.5328007 -136.5783 0 0 0 1
107 0 0.5312781 0.03470104 -0.8464866 52.61562 -0.02958558 0.9993113 0.02239725 107.7029 0.8466808 0.01314462 0.5319389 -137.2841 0 0 0 1
107 1 0.5312781 0.03470104 -0.8464866 52.0829 -0.02958558 0.9993113 0.02239725 107.7029 0.8466808 0.01314462 0.5319389 -137.2841 0 0 0 1
108 0 0.5302792 0.03564083 -0.8470736 53.13032 -0.03100136 0.999263 0.02263697 107.8044 0.8472561 0.01425652 0.5309932 -138.0804 0 0 0 1
108 1 0.5302792 0.03564083 -0.8470736 52.5976 -0.03100136 0.999263 0.02263697 107.8044 0.8472561 0.01425652 0.5309932 -138.0804 0 0 0 1
109 0 0.5292544 0.0365009 -0.8476777 53.61483 -0.03188669 0.9992241 0.02311775 107.8307 0.8478638 0.01479446 0.5300077 -138.8338 0 0 0 1
109 1 0.5292544 0.0365009 -0.8476777 53.08211 -0.03188669 0.9992241 0.02311775 107.8306 0.8478638 0.01479446 0.5300077 -138.8338 0 0 0 1
110 0 0.52809 0.03733576 -0.8483673 54.13603 -0.03300678 0.9991806 0.02342689 107.8995 0.8485467 0.01563036 0.5288896 -139.617 0 0 0 1
110 1 0.52809 0.03733576 -0.8483673 53.6033 -0.03300678 0.9991806 0.02342689 107.8995 0.8485467 0.01563036 0.5288896 -139.617 0 0 0 1
111 0 0.5270839 0.03842811 -0.848944 54.63453 -0.03317555 0.999146 0.02462941 107.7749 0.8491655 0.01518242 0.5279087 -140.4472 0 0 0 1
111 1 0.5270839 0.03842811 -0.848944 54.1018 -0.03317555 0.999146 0.02462941 107.7749 0.8491655 0.01518242 0.5279087 -140.4472 0 0 0 1
112 0 0.5261693 0.03903252 -0.8494836 55.06574 -0.03356059 0.999121 0.02512074 107.7546 0.8497174 0.0152914 0.5270168 -141.2077 0 0 0 1
112 1 0.5261693 0.03903252 -0.8494836 54.53302 -0.03356059 0.999121 0.02512074 107.7546 0.8497174 0.0152914 0.5270168 -141.2077 0 0 0 1
113 0 0.5251669 0.04045195 -0.8500373 55.61329 -0.0346572 0.9990575 0.02613181 107.7363 0.8502933 0.01573635 0.5260739 -141.9937 0 0 0 1
113 1 0.5251669 0.04045195 -0.8500373 55.08057 -0.0346572 0.9990575 0.02613181 107.7363 0.8502933 0.01573635 0.5260739 -141.9937 0 0 0 1
114 0 0.5245845 0.04077943 -0.8503812 55.95756 -0.03509425 0.9990389 0.02625921 107.7649 0.8506348 0.01606831 0.5255115 -142.7171 0 0 0 1
114 1 0.5245845 0.04077943 -0.8503812 55.42485 -0.03509425 0.9990389 0.02625921 107.7649 0.8506348 0.01606831 0.5255115 -142.7171 0 0 0 1
115 0 0.5238085 0.04049243 -0.8508732 56.29223 -0.03525511 0.9990442 0.02584029 107.8357 0.8511062 0.01646226 0.5247355 -143.4808 0 0 0 1
115 1 0.5238085 0.04049243 -0.8508732 55.75951 -0.03525511 0.9990442 0.02584029 107.8357 0.8511062 0.01646226 0.5247355 -143.4808 0 0 0 1
116 0 0.5231937 0.03998701 -0.8512752 56.55194 -0.03485106 0.9990669 0.02550979 107.843 0.851501 0.01632128 0.5240991 -144.214 0 0 0 1
116 1 0.5231937 0.03998701 -0.8512752 56.0192 -0.03485106 0.9990669 0.02550979 107.843 0.851501 0.01632128 0.5240991 -144.214 0 0 0 1
117 0 0.5226065 0.04002919 -0.8516337 56.85848 -0.03455632 0.9990709 0.02575362 107.7891 0.8518733 0.01597032 0.5235043 -144.9548 0 0 0 1
117 1 0.5226065 0.04002919 -0.8516337 56.32576 -0.03455632 0.9990709 0.02575362 107.7891 0.8518733 0.01597032 0.5235043 -144.9548 0 0 0 1
118 0 0.5220183 0.03929899 -0.8520285 57.09955 -0.03398139 0.9991031 0.02526304 107.8002 0.8522571 0.01576535 0.5228856 -145.7271 0 0 0 1
118 1 0.5220183 0.03929899 -0.8520285 56.56683 -0.03398139 0.9991031 0.02526304 107.8002 0.8522571 0.01576535 0.5228856 -145.7271 0 0 0 1
119 0 0.5212808 0.03883355 -0.8525012 57.37353 -0.03351568 0.999125 0.02501872 107.7901 0.8527268 0.01553038 0.5221263 -146.4076 0 0 0 1
119 1 0.5212808 0.03883355 -0.8525012 56.8408 -0.03351568 0.999125 0.02501872 107.7901 0.8527268 0.01553038 0.5221263 -146.4076 0 0 0 1
120 0 0.5205203 0.03809531 -0.8529991 57.63566 -0.0329219 0.9991568 0.02453305 107.7981 0.8532144 0.0153124 0.5213355 -147.1296 0 0 0 1
120 1 0.5205203 0.03809531 -0.8529991 57.10294 -0.0329219 0.9991568 0.02453305 107.7982 0.8532144 0.0153124 0.5213355 -147.1296 0 0 0 1
121 0 0.5198174 0.03818823 -0.8534235 57.9535 -0.03295865 0.9991531 0.0246342 107.792 0.8536415 0.0153224 0.5206357 -147.7464 0 0 0 1
121 1 0.5198174 0.03818823 -0.8534235 57.42077 -0.03295865 0.9991531 0.0246342 107.792 0.8536415 0.0153224 0.5206357 -147.7464 0 0 0 1
122 0 0.5192144 0.03789434 -0.8538035 58.20638 -0.03298225 0.9991608 0.02428859 107.8411 0.8540074 0.01554937 0.5200285 -148.3232 0 0 0 1
122 1 0.5192144 0.03789434 -0.8538035 57.67366 -0.03298225 0.9991608 0.02428859 107.8411 0.8540074 0.01554937 0.5200285 -148.3232 0 0 0 1
123 0 0.5183164 0.03802786 -0.8543431 58.57056 -0.03354858 0.999146 0.02411982 107.9209 0.8545307 0.0161603 0.5191495 -148.8848 0 0 0 1
123 1 0.5183164 0.03802786 -0.8543431 58.03783 -0.03354858 0.999146 0.02411982 107.9209 0.8545307 0.0161603 0.5191495 -148.8848 0 0 0 1
124 0 0.5174711 0.0370926 -0.8548964 58.79435 -0.03309594 0.9991801 0.02331978 107.9823 0.8550605 0.01622629 0.5182744 -149.4233 0 0 0 1
124 1 0.5174711 0.0370926 -0.8548964 58.26163 -0.03309594 0.9991801 0.02331978 107.9823 0.8550605 0.01622629 0.5182744 -149.4233 0 0 0 1
125 0 0.5159474 0.0376258 -0.8557935 59.2988 -0.03382441 0.9991506 0.02353631 108.0295 0.8559522 0.01680321 0.5167818 -149.9081 0 0 0 1
125 1 0.5159474 0.0376258 -0.8557935 58.76607 -0.03382441 0.9991506 0.02353631 108.0295 0.8559522 0.01680321 0.5167818 -149.9081 0 0 0 1
126 0 0.5148481 0.03771954 -0.8564513 59.65865 -0.03407829 0.9991424 0.02351804 108.0604 0.8566039 0.01707817 0.515692 -150.3707 0 0 0 1
126 1 0.5148481 0.03771954 -0.8564513 59.12593 -0.03407829 0.9991424 0.02351804 108.0604 0.8566039 0.01707817 0.515692 -150.3707 0 0 0 1
127 0 0.5136426 0.03708437 -0.8572025 59.97635 -0.0333294 0.9991738 0.0232551 108.0246 0.8573567 0.01662523 0.5144542 -150.9458 0 0 0 1
127 1 0.5136426 0.03708437 -0.8572025 59.44363 -0.0333294 0.9991738 0.0232551 108.0246 0.8573567 0.01662523 0.5144542 -150.9458 0 0 0 1
128 0 0.5126802 0.03595477 -0.8578265 60.18174 -0.03200154 0.9992287 0.02275574 107.9611 0.857983 0.01578535 0.5134355 -151.5087 0 0 0 1
128 1 0.5126802 0.03595477 -0.8578265 59.64902 -0.03200154 0.9992287 0.02275574 107.9611 0.857983 0.01578535 0.5134355 -151.5087 0 0 0 1
129 0 0.5116015 0.03618428 -0.8584606 60.5427 -0.03100974 0.9992396 0.02363782 107.7509 0.8586631 0.01452749 0.5123345 -152.1048 0 0 0 1
129 1 0.5116015 0.03618428 -0.8584606 60.00997 -0.03100974 0.9992396 0.02363782 107.7509 0.8586631 0.01452749 0.5123345 -152.1049 0 0 0 1
130 0 0.5106381 0.03717039 -0.8589919 60.9698 -0.03000563 0.9992269 0.02540144 107.4233 0.8592721 0.01280365 0.5113587 -152.8075 0 0 0 1
130 1 0.5106381 0.03717039 -0.8589919 60.43708 -0.03000563 0.9992269 0.02540144 107.4233 0.8592721 0.01280365 0.5113587 -152.8075 0 0 0 1
131 0 0.5097491 0.03724971 -0.8595163 61.27562 -0.02930315 0.9992343 0.02592613 107.2855 0.8598239 0.01197072 0.5104502 -153.3612 0 0 0 1
131 1 0.5097491 0.03724971 -0.8595163 60.7429 -0.02930315 0.9992343 0.02592613 107.2855 0.8598239 0.01197072 0.5104502 -153.3612 0 0 0 1
132 0 0.5084664 0.03713588 -0.8602806 61.64798 -0.02903333 0.9992409 0.02597434 107.2531 0.8605921 0.01176973 0.5091586 -153.8714 0 0 0 1
132 1 0.5084664 0.03713588 -0.8602806 61.11525 -0.02903333 0.9992409 0.02597434 107.2531 0.8605921 0.01176973 0.5091586 -153.8714 0 0 0 1
133 0 0.5074632 0.03639165 -0.8609046 61.89253 -0.02816769 0.9992744 0.0256372 107.2106 0.8612128 0.01123976 0.5081201 -154.3775 0 0 0 1
133 1 0.5074632 0.03639165 -0.8609046 61.3598 -0.02816769 0.9992744 0.0256372 107.2106 0.8612128 0.01123976 0.5081201 -154.3775 0 0 0 1
134 0 0.5067038 0.036142 -0.8613623 62.14673 -0.02768372 0.9992877 0.02564404 107.161 0.8616756 0.01085179 0.5073434 -154.887 0 0 0 1
134 1 0.5067038 0.036142 -0.8613623 61.61401 -0.02768372 0.9992877 0.02564404 107.161 0.8616756 0.01085179 0.5073434 -154.887 0 0 0 1
135 0 0.5057412 0.03602703 -0.8619328 62.46198 -0.02771327 0.9992904 0.02550748 107.1828 0.8622401 0.01098678 0.5063807 -155.3726 0 0 0 1
135 1 0.5057412 0.03602703 -0.8619328 61.92924 -0.02771327 0.9992904 0.02550748 107.1828 0.8622401 0.01098678 0.5063807 -155.3726 0 0 0 1
136 0 0.5047498 0.03617197 -0.8625075 62.79451 -0.027645 0.9992866 0.02573005 107.1469 0.8628229 0.01085679 0.5053897 -155.831 0 0 0 1
136 1 0.5047498 0.03617197 -0.8625075 62.26179 -0.027645 0.9992866 0.02573005 107.1469 0.8628229 0.01085679 0.5053897 -155.831 0 0 0 1
137 0 0.5039225 0.03583849 -0.863005 63.06039 -0.02681347 0.9993064 0.02584193 107.0468 0.8633326 0.01011783 0.5045339 -156.4101 0 0 0 1
137 1 0.5039225 0.03583849 -0.863005 62.52767 -0.02681347 0.9993064 0.02584193 107.0468 0.8633326 0.01011783 0.5045339 -156.4101 0 0 0 1
138 0 0.5032394 0.03506297 -0.8634355 63.24421 -0.0265073 0.9993327 0.02513222 107.1101 0.8637404 0.01023982 0.5038329 -156.8554 0 0 0 1
138 1 0.5032394 0.03506297 -0.8634355 62.71148 -0.0265073 0.9993327 0.02513222 107.1101 0.8637404 0.01023982 0.5038329 -156.8554 0 0 0 1
139 0 0.5024014 0.03513095 -0.8639205 63.5414 -0.02646957 0.9993308 0.02524432 107.0916 0.8642293 0.01018482 0.5029951 -157.308 0 0 0 1
139 1 0.5024014 0.03513095 -0.8639205 63.00867 -0.02646957 0.9993308 0.02524432 107.0916 0.8642293 0.01018482 0.5029951 -157.308 0 0 0 1
140 0 0.5015613 0.03582273 -0.8643802 63.9164 -0.02616199 0.9993134 0.02623417 106.9267 0.8647265 0.009455861 0.5021541 -157.8822 0 0 0 1
140 1 0.5015613 0.03582273 -0.8643802 63.38367 -0.02616199 0.9993134 0.02623417 106.9267 0.8647265 0.009455861 0.5021541 -157.8822 0 0 0 1
141 0 0.5008303 0.03633456 -0.8647825 64.23791 -0.02591972 0.9993 0.02697527 106.8012 0.8651573 0.008904882 0.5014215 -158.3915 0 0 0 1
141 1 0.5008303 0.03633456 -0.8647825 63.70518 -0.02591972 0.9993 0.02697527 106.8012 0.8651573 0.008904882 0.5014215 -158.3915 0 0 0 1
142 0 0.5000283 0.03616469 -0.8652537 64.519 -0.0257905 0.9993064 0.02686336 106.8021 0.865625 0.008882883 0.5006142 -158.8864 0 0 0 1
142 1 0.5000283 0.03616469 -0.8652537 63.98627 -0.0257905 0.9993064 0.02686336 106.8021 0.865625 0.008882883 0.5006142 -158.8864 0 0 0 1
143 0 0.4993403 0.035662 -0.8656718 64.73349 -0.02559208 0.9993237 0.02640576 106.8427 0.866028 0.00896888 0.4999152 -159.3262 0 0 0 1
143 1 0.4993403 0.035662 -0.8656718 64.20078 -0.02559208 0.9993237 0.02640576 106.8427 0.866028 0.00896888 0.4999152 -159.3261 0 0 0 1
144 0 0.4987464 0.03544303 -0.8660231 64.95818 -0.02581301 0.9993278 0.02603286 106.9164 0.8663636 0.009370862 0.499326 -159.7361 0 0 0 1
144 1 0.4987464 0.03544303 -0.8660231 64.42545 -0.02581301 0.9993278 0.02603286 106.9164 0.8663636 0.009370862 0.499326 -159.7361 0 0 0 1
145 0 0.498196 0.03604555 -0.8663149 65.26945 -0.02624995 0.9993045 0.02648328 106.9013 0.866667 0.009546855 0.4987957 -160.2209 0 0 0 1
145 1 0.498196 0.03604555 -0.8663149 64.73673 -0.02624995 0.9993045 0.02648328 106.9013 0.866667 0.009546855 0.4987957 -160.2209 0 0 0 1
146 0 0.4977719 0.03731268 -0.866505 65.60873 -0.02674605 0.9992594 0.02766472 106.7924 0.8668956 0.00940486 0.4984012 -160.6976 0 0 0 1
