frame cameraID r1,1 r1,2 r1,3 t1 r2,1 r2,2 r2,3 t2 r3,1 r3,2 r3,3 t3 0 0 0 1
0 0 -0.9952357 -0.02389242 -0.09452614 -6.21433 -0.02330413 0.9997016 -0.007322717 271.57 0.09467289 -0.005084978 -0.9954954 -2.464765 0 0 0 1
0 1 -0.9952357 -0.02389242 -0.09452614 -6.747056 -0.02330413 0.9997016 -0.007322717 271.57 0.09467289 -0.005084978 -0.9954954 -2.464765 0 0 0 1
1 0 -0.9952419 -0.02383346 -0.09447671 -6.009941 -0.02327023 0.9997043 -0.007059065 271.5739 0.09461702 -0.004826982 -0.9955022 -2.721742 0 0 0 1
1 1 -0.9952419 -0.02383346 -0.09447671 -6.542666 -0.02327023 0.9997043 -0.007059065 271.5739 0.09461702 -0.004826982 -0.9955022 -2.721742 0 0 0 1
2 0 -0.9952183 -0.0241724 -0.09463812 -5.931283 -0.02363587 0.9996976 -0.006786291 271.5755 0.09477355 -0.004516985 -0.9954886 -2.932216 0 0 0 1
2 1 -0.9952183 -0.0241724 -0.09463812 -6.464008 -0.02363587 0.9996976 -0.006786291 271.5755 0.09477355 -0.004516985 -0.9954886 -2.932216 0 0 0 1
3 0 -0.9952319 -0.02416337 -0.09449879 -5.759599 -0.02359649 0.9996963 -0.007111732 271.5772 0.09464193 -0.004847982 -0.9954998 -3.314702 0 0 0 1
3 1 -0.9952319 -0.02416337 -0.09449879 -6.292324 -0.02359649 0.9996963 -0.007111732 271.5772 0.09464193 -0.004847982 -0.9954998 -3.314701 0 0 0 1
4 0 -0.995239 -0.02404539 -0.0944519 -5.543236 -0.02346803 0.9996985 -0.007218949 271.5804 0.094597 -0.00496798 -0.9955033 -3.667312 0 0 0 1
4 1 -0.995239 -0.02404539 -0.0944519 -6.075961 -0.02346803 0.9996985 -0.007218949 271.5804 0.094597 -0.00496798 -0.9955033 -3.667312 0 0 0 1
5 0 -0.9952711 -0.02381849 -0.09417196 -5.314866 -0.02327569 0.9997056 -0.006858334 271.5854 0.09430759 -0.004633984 -0.9955324 -3.865054 0 0 0 1
5 1 -0.9952711 -0.02381849 -0.09417196 -5.847591 -0.02327569 0.9997056 -0.006858334 271.5854 0.09430759 -0.004633984 -0.9955324 -3.865054 0 0 0 1
6 0 -0.9952854 -0.02363452 -0.0940664 -5.101089 -0.0230732 0.9997089 -0.007050635 271.5881 0.09420566 -0.004846981 -0.995541 -4.209752 0 0 0 1
6 1 -0.9952854 -0.02363452 -0.0940664 -5.633815 -0.0230732 0.9997089 -0.007050635 271.5881 0.09420566 -0.004846981 -0.995541 -4.209752 0 0 0 1
7 0 -0.9952635 -0.02380943 -0.09425528 -4.969977 -0.02321303 0.999703 -0.007419069 271.5883 0.09440393 -0.005195977 -0.9955206 -4.616306 0 0 0 1
7 1 -0.9952635 -0.02380943 -0.09425528 -5.502703 -0.02321303 0.999703 -0.007419069 271.5883 0.09440393 -0.005195977 -0.9955206 -4.616306 0 0 0 1
8 0 -0.995224 -0.02409339 -0.09459884 -4.886672 -0.02352289 0.9996978 -0.007141327 271.5909 0.09474231 -0.004881981 -0.99549 -4.812331 0 0 0 1
8 1 -0.995224 -0.02409339 -0.09459884 -5.419396 -0.02352289 0.9996978 -0.007141327 271.5909 0.09474231 -0.004881981 -0.99549 -4.812331 0 0 0 1
9 0 -0.9951751 -0.02449226 -0.09501021 -4.819518 -0.02391775 0.9996881 -0.007181061 271.5917 0.09515646 -0.004873981 -0.9954505 -5.115662 0 0 0 1
9 1 -0.9951751 -0.02449226 -0.09501021 -5.352243 -0.02391775 0.9996881 -0.007181061 271.5917 0.09515646 -0.004873981 -0.9954505 -5.115663 0 0 0 1
10 0 -0.9951595 -0.02445027 -0.09518449 -4.650241 -0.02387308 0.9996891 -0.007198171 271.5944 0.09533089 -0.00489098 -0.9954338 -5.395072 0 0 0 1
10 1 -0.9951595 -0.02445027 -0.09518449 -5.182966 -0.02387308 0.9996891 -0.007198171 271.5944 0.09533089 -0.00489098 -0.9954338 -5.395072 0 0 0 1
11 0 -0.9951324 -0.02434332 -0.09549282 -4.465847 -0.02377778 0.9996924 -0.007055935 271.5981 0.09563521 -0.004750981 -0.9954051 -5.629833 0 0 0 1
11 1 -0.9951324 -0.02434332 -0.09549282 -4.998572 -0.02377778 0.9996924 -0.007055935 271.5981 0.09563521 -0.004750981 -0.9954051 -5.629833 0 0 0 1
12 0 -0.9950979 -0.02413242 -0.09590631 -4.239399 -0.02359202 0.9996988 -0.006764771 271.6034 0.09604067 -0.004468986 -0.9953674 -5.850392 0 0 0 1
12 1 -0.9950979 -0.02413242 -0.09590631 -4.772124 -0.02359202 0.9996988 -0.006764771 271.6033 0.09604067 -0.004468986 -0.9953674 -5.850393 0 0 0 1
13 0 -0.9950558 -0.02407841 -0.09635517 -4.073346 -0.02351842 0.9996993 -0.006943434 271.605 0.09649338 -0.004642983 -0.9953228 -6.164646 0 0 0 1
13 1 -0.9950558 -0.02407841 -0.09635517 -4.606071 -0.02351842 0.9996993 -0.006943434 271.6049 0.09649338 -0.004642983 -0.9953228 -6.164646 0 0 0 1
14 0 -0.9950119 -0.02384442 -0.09686448 -3.860932 -0.02323259 0.9997024 -0.007439499 271.6049 0.09701305 -0.005151977 -0.9952698 -6.56727 0 0 0 1
14 1 -0.9950119 -0.02384442 -0.09686448 -4.393657 -0.02323259 0.9997024 -0.007439499 271.6049 0.09701305 -0.005151977 -0.9952698 -6.56727 0 0 0 1
15 0 -0.9949521 -0.02419832 -0.09738974 -3.793708 -0.02358398 0.999694 -0.007454445 271.6062 0.09754033 -0.005119978 -0.9952184 -6.845895 0 0 0 1
15 1 -0.9949521 -0.02419832 -0.09738974 -4.326433 -0.02358398 0.999694 -0.007454445 271.6062 0.09754033 -0.005119978 -0.9952184 -6.845895 0 0 0 1
16 0 -0.9949173 -0.02474617 -0.09760928 -3.793951 -0.02413869 0.9996812 -0.007399752 271.6073 0.09776129 -0.00500598 -0.9951974 -7.072324 0 0 0 1
16 1 -0.9949173 -0.02474617 -0.09760928 -4.326676 -0.02413869 0.9996812 -0.007399752 271.6073 0.09776129 -0.00500598 -0.9951974 -7.072324 0 0 0 1
17 0 -0.9948882 -0.0249761 -0.09784608 -3.709943 -0.02437653 0.999676 -0.00731854 271.6096 0.09799718 -0.00489598 -0.9951748 -7.297223 0 0 0 1
17 1 -0.9948882 -0.0249761 -0.09784608 -4.242668 -0.02437653 0.999676 -0.00731854 271.6096 0.09799718 -0.00489598 -0.9951748 -7.297223 0 0 0 1
18 0 -0.9948559 -0.02509305 -0.09814358 -3.583054 -0.02448217 0.9996727 -0.007423936 271.6111 0.09829774 -0.004982979 -0.9951446 -7.599224 0 0 0 1
18 1 -0.9948559 -0.02509305 -0.09814358 -4.115779 -0.02448217 0.9996727 -0.007423936 271.6111 0.09829774 -0.004982979 -0.9951446 -7.599225 0 0 0 1
19 0 -0.9948474 -0.02493108 -0.09827246 -3.396327 -0.0243024 0.9996759 -0.00758934 271.6126 0.09842981 -0.005161977 -0.9951308 -7.898031 0 0 0 1
19 1 -0.9948474 -0.02493108 -0.09827246 -3.929051 -0.0243024 0.9996759 -0.00758934 271.6126 0.09842981 -0.005161977 -0.9951308 -7.898032 0 0 0 1
20 0 -0.9948359 -0.02492107 -0.09839063 -3.237339 -0.02427823 0.9996754 -0.007725623 271.614 0.09855122 -0.005296975 -0.995118 -8.206907 0 0 0 1
20 1 -0.9948359 -0.02492107 -0.09839063 -3.770064 -0.02427823 0.9996754 -0.007725623 271.614 0.09855122 -0.005296975 -0.995118 -8.206907 0 0 0 1
21 0 -0.9948127 -0.02502403 -0.09859805 -3.125067 -0.02437611 0.9996727 -0.007770721 271.6157 0.09876023 -0.005326975 -0.9950972 -8.459438 0 0 0 1
21 1 -0.9948127 -0.02502403 -0.09859805 -3.657791 -0.02437611 0.9996727 -0.007770721 271.6156 0.09876023 -0.005326975 -0.9950972 -8.459438 0 0 0 1
22 0 -0.9948183 -0.02487207 -0.09857974 -2.943922 -0.02421546 0.9996759 -0.007851813 271.6175 0.09874309 -0.005423974 -0.9950982 -8.727104 0 0 0 1
22 1 -0.9948183 -0.02487207 -0.09857974 -3.476647 -0.02421546 0.9996759 -0.007851813 271.6174 0.09874309 -0.005423974 -0.9950982 -8.727103 0 0 0 1
23 0 -0.9948221 -0.02486605 -0.0985441 -2.790259 -0.0241894 0.9996749 -0.008055404 271.618 0.09871238 -0.00562997 -0.9951003 -9.04467 0 0 0 1
23 1 -0.9948221 -0.02486605 -0.0985441 -3.322984 -0.0241894 0.9996749 -0.008055404 271.618 0.09871238 -0.00562997 -0.9951003 -9.044669 0 0 0 1
24 0 -0.994812 -0.02500805 -0.0986092 -2.692351 -0.02436436 0.9996733 -0.007726612 271.6229 0.09877021 -0.005283976 -0.9950963 -9.186563 0 0 0 1
24 1 -0.994812 -0.02500805 -0.0986092 -3.225077 -0.02436436 0.9996733 -0.007726612 271.6229 0.09877021 -0.005283976 -0.9950963 -9.186563 0 0 0 1
25 0 -0.9948049 -0.02535899 -0.09859327 -2.65162 -0.0247632 0.999667 -0.007262196 271.6288 0.09874459 -0.004782982 -0.9951015 -9.28353 0 0 0 1
25 1 -0.9948049 -0.02535899 -0.09859327 -3.184345 -0.0247632 0.999667 -0.007262196 271.6288 0.09874459 -0.004782982 -0.9951015 -9.283529 0 0 0 1
26 0 -0.9947845 -0.02586881 -0.09866484 -2.642856 -0.02526128 0.9996535 -0.007401987 271.6292 0.09882214 -0.004870981 -0.9950932 -9.560699 0 0 0 1
26 1 -0.9947845 -0.02586881 -0.09866484 -3.175581 -0.02526128 0.9996535 -0.007401987 271.6292 0.09882214 -0.004870981 -0.9950932 -9.560699 0 0 0 1
27 0 -0.9947764 -0.02610967 -0.09868384 -2.575622 -0.02546255 0.9996452 -0.007811524 271.6271 0.09885279 -0.005257976 -0.9950882 -9.893555 0 0 0 1
27 1 -0.9947764 -0.02610967 -0.09868384 -3.108347 -0.02546255 0.9996452 -0.007811524 271.6271 0.09885279 -0.005257976 -0.9950882 -9.893555 0 0 0 1
28 0 -0.9947815 -0.02638263 -0.09856118 -2.516793 -0.02577512 0.9996402 -0.007432194 271.6328 0.0987218 -0.004852981 -0.9951035 -10.00806 0 0 0 1
28 1 -0.9947815 -0.02638263 -0.09856118 -3.049518 -0.02577512 0.9996402 -0.007432194 271.6328 0.0987218 -0.004852981 -0.9951035 -10.00806 0 0 0 1
29 0 -0.9948009 -0.02606679 -0.09844955 -2.287832 -0.02550172 0.9996503 -0.006993983 271.6402 0.09859743 -0.004446986 -0.9951178 -10.1439 0 0 0 1
29 1 -0.9948009 -0.02606679 -0.09844955 -2.820557 -0.02550172 0.9996503 -0.006993983 271.6402 0.09859743 -0.004446986 -0.9951178 -10.1439 0 0 0 1
30 0 -0.9948196 -0.02591179 -0.09829742 -2.116168 -0.02530245 0.9996521 -0.007440691 271.6381 0.09845603 -0.00491498 -0.9951292 -10.49083 0 0 0 1
30 1 -0.9948196 -0.02591179 -0.09829742 -2.648893 -0.02530245 0.9996521 -0.007440691 271.6381 0.09845603 -0.00491498 -0.9951292 -10.49083 0 0 0 1
31 0 -0.9948542 -0.02569586 -0.09800398 -1.915234 -0.02508888 0.9996577 -0.007420977 271.6409 0.09816111 -0.00492398 -0.9951583 -10.7322 0 0 0 1
31 1 -0.9948542 -0.02569586 -0.09800398 -2.447959 -0.02508888 0.9996577 -0.007420977 271.641 0.09816111 -0.00492398 -0.9951583 -10.7322 0 0 0 1
32 0 -0.9948575 -0.02583583 -0.09793371 -1.826758 -0.0252442 0.9996548 -0.007275655 271.6446 0.09808788 -0.004765982 -0.9951664 -10.90547 0 0 0 1
32 1 -0.9948575 -0.02583583 -0.09793371 -2.359483 -0.0252442 0.9996548 -0.007275655 271.6446 0.09808788 -0.004765982 -0.9951664 -10.90547 0 0 0 1
33 0 -0.9948697 -0.0262037 -0.09771492 -1.799297 -0.02561091 0.9996452 -0.007316086 271.6461 0.09787196 -0.004775982 -0.9951878 -11.12214 0 0 0 1
33 1 -0.9948697 -0.0262037 -0.09771492 -2.332022 -0.02561091 0.9996452 -0.007316086 271.6461 0.09787196 -0.004775982 -0.9951878 -11.12214 0 0 0 1
34 0 -0.9948617 -0.02662639 -0.09767918 -1.775568 -0.02592268 0.9996281 -0.008466576 271.635 0.09786829 -0.005890966 -0.9951819 -11.66309 0 0 0 1
34 1 -0.9948617 -0.02662639 -0.09767918 -2.308294 -0.02592268 0.9996281 -0.008466576 271.635 0.09786829 -0.005890966 -0.9951819 -11.66309 0 0 0 1
35 0 -0.9948547 -0.02657628 -0.09776431 -1.63573 -0.02579221 0.9996243 -0.009275232 271.6274 0.09797408 -0.00670595 -0.9951664 -12.1049 0 0 0 1
35 1 -0.9948547 -0.02657628 -0.09776431 -2.168456 -0.02579221 0.9996243 -0.009275232 271.6274 0.09797408 -0.00670595 -0.9951664 -12.10489 0 0 0 1
36 0 -0.9948555 -0.02630827 -0.09782981 -1.434545 -0.02546949 0.9996274 -0.009813097 271.6227 0.09805153 -0.007270937 -0.9951549 -12.48253 0 0 0 1
36 1 -0.9948555 -0.02630827 -0.09782981 -1.967269 -0.02546949 0.9996274 -0.009813097 271.6227 0.09805153 -0.007270937 -0.9951549 -12.48253 0 0 0 1
37 0 -0.9948303 -0.02622726 -0.09810833 -1.269946 -0.02536369 0.9996279 -0.01003922 271.6218 0.09833512 -0.00749893 -0.9951253 -12.7972 0 0 0 1
37 1 -0.9948303 -0.02622726 -0.09810833 -1.802672 -0.02536369 0.9996279 -0.01003922 271.6218 0.09833512 -0.00749893 -0.9951253 -12.7972 0 0 0 1
38 0 -0.9948158 -0.02633219 -0.09822555 -1.164442 -0.02545235 0.999624 -0.01019988 271.6215 0.0984572 -0.007646926 -0.9951119 -13.07107 0 0 0 1
38 1 -0.9948158 -0.02633219 -0.09822555 -1.697168 -0.02545235 0.999624 -0.01019988 271.6215 0.0984572 -0.007646926 -0.9951119 -13.07107 0 0 0 1
39 0 -0.9947704 -0.02629812 -0.09869304 -1.021852 -0.02537387 0.9996217 -0.01060862 271.6178 0.0989347 -0.008048913 -0.9950614 -13.42208 0 0 0 1
39 1 -0.9947704 -0.02629812 -0.09869304 -1.554577 -0.02537387 0.9996217 -0.01060862 271.6179 0.0989347 -0.008048913 -0.9950614 -13.42208 0 0 0 1
40 0 -0.9947039 -0.02622006 -0.09938256 -0.8521132 -0.02524788 0.9996204 -0.0110275 271.6139 0.09963397 -0.008459901 -0.9949883 -13.80805 0 0 0 1
40 1 -0.9947039 -0.02622006 -0.09938256 -1.384839 -0.02524788 0.9996204 -0.0110275 271.614 0.09963397 -0.008459901 -0.9949883 -13.80805 0 0 0 1
41 0 -0.9946275 -0.02611205 -0.1001711 -0.6852088 -0.02510786 0.9996212 -0.01127253 271.6121 0.1004275 -0.008696891 -0.9949063 -14.13067 0 0 0 1
41 1 -0.9946275 -0.02611205 -0.1001711 -1.217934 -0.02510786 0.9996212 -0.01127253 271.6121 0.1004275 -0.008696891 -0.9949063 -14.13067 0 0 0 1
42 0 -0.9945281 -0.02629597 -0.1011057 -0.5791106 -0.02527972 0.9996163 -0.01131976 271.6135 0.1013646 -0.008701891 -0.9948112 -14.42545 0 0 0 1
42 1 -0.9945281 -0.02629597 -0.1011057 -1.111836 -0.02527972 0.9996163 -0.01131976 271.6135 0.1013646 -0.008701891 -0.9948112 -14.42545 0 0 0 1
43 0 -0.9944384 -0.02672171 -0.1018739 -0.5458078 -0.02565348 0.9996015 -0.01178182 271.6089 0.1021481 -0.009102874 -0.9947276 -14.80977 0 0 0 1
43 1 -0.9944384 -0.02672171 -0.1018739 -1.078533 -0.02565348 0.9996015 -0.01178182 271.6088 0.1021481 -0.009102874 -0.9947276 -14.80977 0 0 0 1
44 0 -0.9943689 -0.02685254 -0.1025164 -0.4262457 -0.02572456 0.9995933 -0.01230936 271.6028 0.1028053 -0.009602853 -0.9946553 -15.22984 0 0 0 1
44 1 -0.9943689 -0.02685254 -0.1025164 -0.958971 -0.02572456 0.9995933 -0.01230936 271.6028 0.1028053 -0.009602853 -0.9946553 -15.22984 0 0 0 1
45 0 -0.9942849 -0.02656653 -0.1034008 -0.1739073 -0.02538228 0.9995965 -0.01275226 271.5973 0.1036978 -0.01005483 -0.994558 -15.67845 0 0 0 1
45 1 -0.9942849 -0.02656653 -0.1034008 -0.7066317 -0.02538228 0.9995965 -0.01275226 271.5974 0.1036978 -0.01005483 -0.994558 -15.67845 0 0 0 1
46 0 -0.9942187 -0.02665241 -0.1040152 -0.02956104 -0.02542473 0.9995908 -0.01311117 271.5933 0.104322 -0.01039081 -0.9944894 -16.07605 0 0 0 1
46 1 -0.9942187 -0.02665241 -0.1040152 -0.5622854 -0.02542473 0.9995908 -0.01311117 271.5933 0.104322 -0.01039081 -0.9944894 -16.07605 0 0 0 1
47 0 -0.9941384 -0.02691524 -0.1047115 0.07195473 -0.02565315 0.9995813 -0.01338142 271.5909 0.1050278 -0.0106168 -0.9944125 -16.45515 0 0 0 1
47 1 -0.9941384 -0.02691524 -0.1047115 -0.4607706 -0.02565315 0.9995813 -0.01338142 271.5909 0.1050278 -0.0106168 -0.9944125 -16.45515 0 0 0 1
48 0 -0.9940833 -0.02677329 -0.1052704 0.3106995 -0.02550533 0.9995852 -0.01337288 271.5926 0.1055848 -0.0106088 -0.9943538 -16.81492 0 0 0 1
48 1 -0.9940833 -0.02677329 -0.1052704 -0.2220249 -0.02550533 0.9995852 -0.01337288 271.5926 0.1055848 -0.0106088 -0.9943538 -16.81492 0 0 0 1
49 0 -0.9940686 -0.02651932 -0.1054729 0.5716305 -0.02521886 0.9995888 -0.01364462 271.5889 0.1057914 -0.01090378 -0.9943286 -17.23295 0 0 0 1
49 1 -0.9940686 -0.02651932 -0.1054729 0.03890514 -0.02521886 0.9995888 -0.01364462 271.5889 0.1057914 -0.01090378 -0.9943286 -17.23295 0 0 0 1
50 0 -0.9940645 -0.02676317 -0.1054501 0.7077169 -0.02544725 0.9995809 -0.01380513 271.5883 0.1057753 -0.01103978 -0.9943289 -17.61754 0 0 0 1
50 1 -0.9940645 -0.02676317 -0.1054501 0.1749926 -0.02544725 0.9995809 -0.01380513 271.5883 0.1057753 -0.01103978 -0.9943289 -17.61754 0 0 0 1
51 0 -0.994037 -0.02728597 -0.105574 0.7937126 -0.02597307 0.9995675 -0.0137911 271.5918 0.1059046 -0.01096678 -0.9943157 -17.99415 0 0 0 1
51 1 -0.994037 -0.02728597 -0.105574 0.2609882 -0.02597307 0.9995675 -0.0137911 271.5918 0.1059046 -0.01096678 -0.9943157 -17.99415 0 0 0 1
52 0 -0.9940068 -0.027173 -0.1058886 1.034409 -0.02584884 0.9995698 -0.01385793 271.592 0.1062196 -0.01103778 -0.9942815 -18.38798 0 0 0 1
52 1 -0.9940068 -0.027173 -0.1058886 0.5016823 -0.02584884 0.9995698 -0.01385793 271.592 0.1062196 -0.01103778 -0.9942815 -18.38798 0 0 0 1
53 0 -0.9940181 -0.02701694 -0.1058222 1.321324 -0.02565234 0.9995695 -0.0142355 271.5862 0.1061613 -0.01143575 -0.9942833 -18.91732 0 0 0 1
53 1 -0.9940181 -0.02701694 -0.1058222 0.788599 -0.02565234 0.9995695 -0.0142355 271.5862 0.1061613 -0.01143575 -0.9942833 -18.91732 0 0 0 1
54 0 -0.9940516 -0.0268169 -0.1055587 1.608476 -0.02541293 0.9995701 -0.01462327 271.5797 0.1059055 -0.01185372 -0.9943057 -19.42411 0 0 0 1
54 1 -0.9940516 -0.0268169 -0.1055587 1.07575 -0.02541293 0.9995701 -0.01462327 271.5797 0.1059055 -0.01185372 -0.9943057 -19.42411 0 0 0 1
55 0 -0.994047 -0.02675897 -0.1056148 1.859328 -0.02536956 0.9995733 -0.01447732 271.5838 0.1059571 -0.01171173 -0.9943018 -19.79336 0 0 0 1
55 1 -0.994047 -0.02675897 -0.1056148 1.326603 -0.02536956 0.9995733 -0.01447732 271.5838 0.1059571 -0.01171173 -0.9943018 -19.79336 0 0 0 1
56 0 -0.993996 -0.02730262 -0.1059554 1.973045 -0.02586778 0.9995545 -0.01489296 271.5794 0.1063148 -0.01206271 -0.9942594 -20.35184 0 0 0 1
56 1 -0.993996 -0.02730262 -0.1059554 1.44032 -0.02586778 0.9995545 -0.01489296 271.5794 0.1063148 -0.01206271 -0.9942594 -20.35185 0 0 0 1
57 0 -0.9939879 -0.02769137 -0.1059302 2.117742 -0.02622892 0.9995408 -0.01517435 271.5768 0.1063017 -0.01230469 -0.9942578 -20.84765 0 0 0 1
57 1 -0.9939879 -0.02769137 -0.1059302 1.585017 -0.02622892 0.9995408 -0.01517435 271.5768 0.1063017 -0.01230469 -0.9942578 -20.84765 0 0 0 1
58 0 -0.9940161 -0.02739039 -0.1057457 2.458613 -0.02589757 0.999545 -0.01546476 271.5709 0.1061211 -0.01263367 -0.9942732 -21.3759 0 0 0 1
58 1 -0.9940161 -0.02739039 -0.1057457 1.925888 -0.02589757 0.999545 -0.01546476 271.5708 0.1061211 -0.01263367 -0.9942732 -21.3759 0 0 0 1
59 0 -0.99401 -0.0272995 -0.1058261 2.770895 -0.02582698 0.9995499 -0.01526026 271.5765 0.1061951 -0.01243568 -0.9942677 -21.82129 0 0 0 1
59 1 -0.99401 -0.0272995 -0.1058261 2.23817 -0.02582698 0.9995499 -0.01526026 271.5765 0.1061951 -0.01243568 -0.9942677 -21.8213 0 0 0 1
60 0 -0.9939812 -0.02717574 -0.1061261 3.068315 -0.02575814 0.9995601 -0.01470584 271.5898 0.1064791 -0.01188372 -0.9942439 -22.13897 0 0 0 1
60 1 -0.9939812 -0.02717574 -0.1061261 2.535589 -0.02575814 0.9995601 -0.01470584 271.5898 0.1064791 -0.01188372 -0.9942439 -22.13897 0 0 0 1
61 0 -0.9939878 -0.02732177 -0.1060274 3.307024 -0.02593852 0.9995598 -0.01440354 271.5993 0.1063742 -0.01156674 -0.994259 -22.52673 0 0 0 1
61 1 -0.9939878 -0.02732177 -0.1060274 2.774299 -0.02593852 0.9995598 -0.01440354 271.5993 0.1063742 -0.01156674 -0.994259 -22.52673 0 0 0 1
62 0 -0.9940091 -0.02739673 -0.1058084 3.60182 -0.02601197 0.9995573 -0.01444557 271.6012 0.1061573 -0.01160674 -0.9942816 -23.06867 0 0 0 1
62 1 -0.9940091 -0.02739673 -0.1058084 3.069096 -0.02601197 0.9995573 -0.01444557 271.6012 0.1061573 -0.01160674 -0.9942816 -23.06867 0 0 0 1
63 0 -0.9939735 -0.0279339 -0.1060027 3.740388 -0.02668907 0.9995574 -0.01314415 271.6373 0.1063229 -0.01023582 -0.994279 -23.19526 0 0 0 1
63 1 -0.9939735 -0.0279339 -0.1060027 3.207663 -0.02668907 0.9995574 -0.01314415 271.6373 0.1063229 -0.01023582 -0.994279 -23.19526 0 0 0 1
64 0 -0.9939828 -0.0274507 -0.1060415 4.192147 -0.02645852 0.9995921 -0.01075232 271.6938 0.1062934 -0.007881919 -0.9943037 -23.1102 0 0 0 1
64 1 -0.9939828 -0.0274507 -0.1060415 3.659423 -0.02645852 0.9995921 -0.01075232 271.6938 0.1062934 -0.007881919 -0.9943037 -23.11021 0 0 0 1
65 0 -0.9940008 -0.02710625 -0.1059622 4.580558 -0.02635376 0.9996166 -0.008495441 271.7483 0.1061518 -0.005651971 -0.994334 -23.00898 0 0 0 1
65 1 -0.9940008 -0.02710625 -0.1059622 4.047833 -0.02635376 0.9996166 -0.008495441 271.7483 0.1061518 -0.005651971 -0.994334 -23.00898 0 0 0 1
66 0 -0.9939665 -0.02700952 -0.106308 4.891845 -0.02644784 0.9996278 -0.006689973 271.7949 0.1064491 -0.003837992 -0.9943109 -23.0247 0 0 0 1
66 1 -0.9939665 -0.02700952 -0.106308 4.35912 -0.02644784 0.9996278 -0.006689973 271.7949 0.1064491 -0.003837992 -0.9943109 -23.0247 0 0 0 1
67 0 -0.9939266 -0.02721756 -0.1066265 5.149158 -0.02680045 0.9996265 -0.005343087 271.8347 0.1067321 -0.002452998 -0.9942849 -23.20537 0 0 0 1
67 1 -0.9939266 -0.02721756 -0.1066265 4.616434 -0.02680045 0.9996265 -0.005343087 271.8347 0.1067321 -0.002452998 -0.9942849 -23.20537 0 0 0 1
68 0 -0.9939209 -0.02732153 -0.1066533 5.41073 -0.02693017 0.9996243 -0.005108244 271.8478 0.1067528 -0.002204998 -0.9942833 -23.63866 0 0 0 1
68 1 -0.9939209 -0.02732153 -0.1066533 4.878004 -0.02693017 0.9996243 -0.005108244 271.8478 0.1067528 -0.002204998 -0.9942833 -23.63866 0 0 0 1
69 0 -0.9938822 -0.02740451 -0.1069933 5.669705 -0.02702442 0.9996223 -0.005001026 271.8579 0.1070899 -0.002078998 -0.9942473 -24.10775 0 0 0 1
69 1 -0.9938822 -0.02740451 -0.1069933 5.136981 -0.02702442 0.9996223 -0.005001026 271.8579 0.1070899 -0.002078998 -0.9942473 -24.10775 0 0 0 1
70 0 -0.9938334 -0.02732255 -0.1074644 5.997478 -0.02694647 0.9996246 -0.004950311 271.866 0.1075593 -0.002023999 -0.9941967 -24.64671 0 0 0 1
70 1 -0.9938334 -0.02732255 -0.1074644 5.464753 -0.02694647 0.9996246 -0.004950311 271.866 0.1075593 -0.002023999 -0.9941967 -24.64671 0 0 0 1
71 0 -0.9938266 -0.02705265 -0.1075969 6.354457 -0.02668945 0.9996322 -0.004814422 271.8738 0.1076875 -0.001912999 -0.9941831 -25.11478 0 0 0 1
71 1 -0.9938266 -0.02705265 -0.1075969 5.821732 -0.02668945 0.9996322 -0.004814422 271.8738 0.1076875 -0.001912999 -0.9941831 -25.11478 0 0 0 1
72 0 -0.9938027 -0.02738954 -0.1077326 6.546152 -0.02706017 0.9996236 -0.004518265 271.8914 0.1078158 -0.001574999 -0.9941697 -25.51954 0 0 0 1
72 1 -0.9938027 -0.02738954 -0.1077326 6.013428 -0.02706017 0.9996236 -0.004518265 271.8914 0.1078158 -0.001574999 -0.9941697 -25.51954 0 0 0 1
73 0 -0.9937364 -0.02792235 -0.1082052 6.703633 -0.02763481 0.9996095 -0.004156264 271.9138 0.108279 -0.00114 -0.9941199 -25.94945 0 0 0 1
73 1 -0.9937364 -0.02792235 -0.1082052 6.170908 -0.02763481 0.9996095 -0.004156264 271.9138 0.108279 -0.00114 -0.9941199 -25.94945 0 0 0 1
74 0 -0.9937232 -0.02774141 -0.1083739 7.031834 -0.02741941 0.9996141 -0.004460546 271.9113 0.1084558 -0.001460999 -0.9941003 -26.52975 0 0 0 1
74 1 -0.9937232 -0.02774141 -0.1083739 6.499108 -0.02741941 0.9996141 -0.004460546 271.9112 0.1084558 -0.001460999 -0.9941003 -26.52975 0 0 0 1
75 0 -0.9937116 -0.02755649 -0.1085265 7.388339 -0.02725228 0.9996194 -0.004285542 271.9219 0.1086032 -0.001301 -0.9940844 -27.02525 0 0 0 1
75 1 -0.9937116 -0.02755649 -0.1085265 6.855613 -0.02725228 0.9996194 -0.004285542 271.9219 0.1086032 -0.001301 -0.9940844 -27.02525 0 0 0 1
76 0 -0.9936508 -0.02793535 -0.1089856 7.553692 -0.02766879 0.9996093 -0.003957628 271.9421 0.1090536 -0.000917 -0.9940355 -27.41356 0 0 0 1
76 1 -0.9936508 -0.02793535 -0.1089856 7.020966 -0.02766879 0.9996093 -0.003957628 271.9421 0.1090536 -0.000917 -0.9940355 -27.41355 0 0 0 1
77 0 -0.9936181 -0.02809329 -0.1092421 7.782713 -0.02781929 0.9996048 -0.004031767 271.9491 0.1093122 -0.0009670001 -0.9940071 -27.91372 0 0 0 1
77 1 -0.9936181 -0.02809329 -0.1092421 7.249989 -0.02781929 0.9996048 -0.004031767 271.9491 0.1093122 -0.0009670001 -0.9940071 -27.91372 0 0 0 1
78 0 -0.9936033 -0.02822123 -0.1093446 8.050125 -0.02791102 0.9996009 -0.004366853 271.949 0.1094242 -0.001287 -0.9939944 -28.53014 0 0 0 1
78 1 -0.9936033 -0.02822123 -0.1093446 7.517399 -0.02791102 0.9996009 -0.004366853 271.949 0.1094242 -0.001287 -0.9939944 -28.53014 0 0 0 1
79 0 -0.9935619 -0.02846314 -0.10966 8.250962 -0.02818224 0.9995943 -0.004110933 271.9664 0.1097326 -0.0009940001 -0.993961 -28.93272 0 0 0 1
79 1 -0.9935619 -0.02846314 -0.10966 7.718235 -0.02818224 0.9995943 -0.004110933 271.9664 0.1097326 -0.0009940001 -0.993961 -28.93272 0 0 0 1
80 0 -0.9935093 -0.02850513 -0.1101239 8.500018 -0.02824212 0.9995933 -0.003947755 271.979 0.1101916 -0.0008119999 -0.9939103 -29.36541 0 0 0 1
80 1 -0.9935093 -0.02850513 -0.1101239 7.967293 -0.02824212 0.9995933 -0.003947755 271.9791 0.1101916 -0.0008119999 -0.9939103 -29.36541 0 0 0 1
81 0 -0.993511 -0.02807127 -0.1102175 8.91439 -0.02770571 0.9996043 -0.004847106 271.9547 0.1103099 -0.001761999 -0.9938956 -30.14341 0 0 0 1
81 1 -0.993511 -0.02807127 -0.1102175 8.381665 -0.02770571 0.9996043 -0.004847106 271.9547 0.1103099 -0.001761999 -0.9938956 -30.14341 0 0 0 1
82 0 -0.9934887 -0.02816619 -0.110396 9.153528 -0.02772191 0.9996002 -0.005557572 271.9407 0.1105084 -0.002460998 -0.9938723 -30.80577 0 0 0 1
82 1 -0.9934887 -0.02816619 -0.110396 8.6208 -0.02772191 0.9996002 -0.005557572 271.9407 0.1105084 -0.002460998 -0.9938723 -30.80577 0 0 0 1
83 0 -0.9934305 -0.02813519 -0.1109249 9.441837 -0.02767359 0.9996008 -0.005699129 271.9429 0.111041 -0.002591998 -0.9938126 -31.3636 0 0 0 1
83 1 -0.9934305 -0.02813519 -0.1109249 8.909113 -0.02767359 0.9996008 -0.005699129 271.9429 0.111041 -0.002591998 -0.9938126 -31.36359 0 0 0 1
84 0 -0.9934211 -0.0277163 -0.1111137 9.817215 -0.02719024 0.9996108 -0.006247303 271.9261 0.1112436 -0.003184995 -0.993788 -31.99223 0 0 0 1
84 1 -0.9934211 -0.0277163 -0.1111137 9.284491 -0.02719024 0.9996108 -0.006247303 271.926 0.1112436 -0.003184995 -0.993788 -31.99223 0 0 0 1
85 0 -0.9934125 -0.02803515 -0.1111136 9.997506 -0.02745879 0.9996004 -0.00671427 271.9211 0.1112574 -0.003618993 -0.9937854 -32.57174 0 0 0 1
85 1 -0.9934125 -0.02803515 -0.1111136 9.464783 -0.02745879 0.9996004 -0.00671427 271.9211 0.1112574 -0.003618993 -0.9937854 -32.57174 0 0 0 1
86 0 -0.9933978 -0.02832504 -0.1111693 10.21014 -0.02776298 0.9995927 -0.006600966 271.9353 0.111311 -0.003470993 -0.9937797 -33.03893 0 0 0 1
86 1 -0.9933978 -0.02832504 -0.1111693 9.677418 -0.02776298 0.9995927 -0.006600966 271.9352 0.111311 -0.003470993 -0.9937797 -33.03893 0 0 0 1
87 0 -0.9933817 -0.02856196 -0.111253 10.40916 -0.02801748 0.9995866 -0.006454743 271.9495 0.1113914 -0.003294994 -0.9937713 -33.45099 0 0 0 1
87 1 -0.9933817 -0.02856196 -0.111253 9.876438 -0.02801748 0.9995866 -0.006454743 271.9495 0.1113914 -0.003294994 -0.9937713 -33.451 0 0 0 1
88 0 -0.9934348 -0.02816509 -0.1108785 10.79326 -0.02758696 0.9995967 -0.006745076 271.9398 0.1110238 -0.003641992 -0.993811 -33.99634 0 0 0 1
88 1 -0.9934348 -0.02816509 -0.1108785 10.26053 -0.02758696 0.9995967 -0.006745076 271.9398 0.1110238 -0.003641992 -0.993811 -33.99634 0 0 0 1
89 0 -0.9934462 -0.02810906 -0.1107923 11.10125 -0.02748037 0.9995964 -0.007197775 271.9296 0.1109499 -0.004105988 -0.9938178 -34.6222 0 0 0 1
89 1 -0.9934462 -0.02810906 -0.1107923 10.56853 -0.02748037 0.9995964 -0.007197775 271.9296 0.1109499 -0.004105988 -0.9938178 -34.62219 0 0 0 1
90 0 -0.9934403 -0.02821001 -0.1108176 11.33615 -0.02757651 0.9995934 -0.007245478 271.935 0.1109769 -0.004141988 -0.9938143 -35.08642 0 0 0 1
90 1 -0.9934403 -0.02821001 -0.1108176 10.80342 -0.02757651 0.9995934 -0.007245478 271.935 0.1109769 -0.004141988 -0.9938143 -35.08641 0 0 0 1
91 0 -0.993462 -0.02842293 -0.1105693 11.54897 -0.02779225 0.9995875 -0.007241303 271.944 0.1107295 -0.004120989 -0.9938421 -35.52854 0 0 0 1
91 1 -0.993462 -0.02842293 -0.1105693 11.01624 -0.02779225 0.9995875 -0.007241303 271.944 0.1107295 -0.004120989 -0.9938421 -35.52854 0 0 0 1
92 0 -0.9935033 -0.02825899 -0.1102396 11.89233 -0.02762774 0.999592 -0.007249758 271.9472 0.1103994 -0.004156988 -0.9938787 -36.02782 0 0 0 1
92 1 -0.9935033 -0.02825899 -0.1102396 11.35961 -0.02762774 0.999592 -0.007249758 271.9472 0.1103994 -0.004156988 -0.9938787 -36.02782 0 0 0 1
93 0 -0.9934852 -0.02873585 -0.1102808 12.02175 -0.02815153 0.9995802 -0.006852206 271.975 0.1104314 -0.003702992 -0.9938771 -36.35461 0 0 0 1
93 1 -0.9934852 -0.02873585 -0.1102808 11.48903 -0.02815153 0.9995802 -0.006852206 271.975 0.1104314 -0.003702992 -0.9938771 -36.35461 0 0 0 1
94 0 -0.9934936 -0.02878686 -0.1101924 12.29613 -0.02824611 0.9995801 -0.00646557 271.9966 0.1103323 -0.003310994 -0.9938895 -36.73823 0 0 0 1
94 1 -0.9934936 -0.02878686 -0.1101924 11.76341 -0.02824611 0.9995801 -0.00646557 271.9966 0.1103323 -0.003310994 -0.9938895 -36.73823 0 0 0 1
95 0 -0.9935317 -0.02848398 -0.1099261 12.64615 -0.02792434 0.9995881 -0.006627477 271.9914 0.1100696 -0.003514993 -0.9939178 -37.23358 0 0 0 1
95 1 -0.9935317 -0.02848398 -0.1099261 12.11342 -0.02792434 0.9995881 -0.006627477 271.9914 0.1100696 -0.003514993 -0.9939178 -37.23358 0 0 0 1
96 0 -0.9935602 -0.02825508 -0.1097266 12.97301 -0.02771135 0.999595 -0.006477378 271.9989 0.1098652 -0.003394993 -0.9939407 -37.64019 0 0 0 1
96 1 -0.9935602 -0.02825508 -0.1097266 12.44028 -0.02771135 0.999595 -0.006477378 271.9989 0.1098652 -0.003394993 -0.9939407 -37.64019 0 0 0 1
97 0 -0.9935621 -0.02817111 -0.1097306 13.27687 -0.02762215 0.9995972 -0.006519964 272.0021 0.1098701 -0.003446993 -0.99394 -38.14077 0 0 0 1
97 1 -0.9935621 -0.02817111 -0.1097306 12.74414 -0.02762215 0.9995972 -0.006519964 272.0021 0.1098701 -0.003446993 -0.99394 -38.14077 0 0 0 1
98 0 -0.9935604 -0.02846895 -0.1096697 13.45367 -0.02788277 0.9995875 -0.00687516 271.9993 0.1098202 -0.003772991 -0.9939445 -38.66671 0 0 0 1
98 1 -0.9935604 -0.02846895 -0.1096697 12.92094 -0.02788277 0.9995875 -0.00687516 271.9993 0.1098202 -0.003772991 -0.9939445 -38.66671 0 0 0 1
99 0 -0.9935899 -0.02848994 -0.1093974 13.71253 -0.02790168 0.9995868 -0.006904621 272.0041 0.1095489 -0.003807991 -0.9939742 -39.10834 0 0 0 1
99 1 -0.9935899 -0.02848994 -0.1093974 13.17981 -0.02790168 0.9995868 -0.006904621 272.0041 0.1095489 -0.003807991 -0.9939742 -39.10834 0 0 0 1
100 0 -0.9936 -0.02855496 -0.10929 13.97686 -0.02801062 0.9995864 -0.006512959 272.027 0.1094308 -0.003409993 -0.9939889 -39.47672 0 0 0 1
100 1 -0.9936 -0.02855496 -0.10929 13.44413 -0.02801062 0.9995864 -0.006512959 272.027 0.1094308 -0.003409993 -0.9939889 -39.47672 0 0 0 1
101 0 -0.9935796 -0.02847801 -0.1094929 14.241 -0.02796264 0.9995895 -0.006239768 272.0422 0.1096257 -0.003137995 -0.993968 -39.84056 0 0 0 1
101 1 -0.9935796 -0.02847801 -0.1094929 13.70828 -0.02796264 0.9995895 -0.006239768 272.0422 0.1096257 -0.003137995 -0.993968 -39.84056 0 0 0 1
102 0 -0.9935968 -0.02771633 -0.1095326 14.7206 -0.02722288 0.9996114 -0.005998197 272.0438 0.1096563 -0.002977996 -0.9939651 -40.27245 0 0 0 1
102 1 -0.9935968 -0.02771633 -0.1095326 14.18787 -0.02722288 0.9996114 -0.005998197 272.0438 0.1096563 -0.002977996 -0.9939651 -40.27245 0 0 0 1
103 0 -0.9935801 -0.02765038 -0.1096995 14.98037 -0.02719774 0.9996143 -0.005620659 272.0635 0.1098126 -0.002600998 -0.9939489 -40.60246 0 0 0 1
103 1 -0.9935801 -0.02765038 -0.1096995 14.44765 -0.02719774 0.9996143 -0.005620659 272.0636 0.1098126 -0.002600998 -0.9939489 -40.60247 0 0 0 1
104 0 -0.993535 -0.02795729 -0.11003 15.13175 -0.02754564 0.9996067 -0.00525985 272.0902 0.1101338 -0.002194999 -0.9939145 -40.92512 0 0 0 1
104 1 -0.993535 -0.02795729 -0.11003 14.59902 -0.02754564 0.9996067 -0.00525985 272.0902 0.1101338 -0.002194999 -0.9939145 -40.92512 0 0 0 1
105 0 -0.9934677 -0.02826016 -0.1105595 15.29888 -0.02782623 0.9995978 -0.005466159 272.0942 0.1106695 -0.002353998 -0.9938545 -41.44574 0 0 0 1
105 1 -0.9934677 -0.02826016 -0.1105595 14.76616 -0.02782623 0.9995978 -0.005466159 272.0942 0.1106695 -0.002353998 -0.9938545 -41.44574 0 0 0 1
106 0 -0.9934359 -0.02802424 -0.1109072 15.59297 -0.02756109 0.9996038 -0.005707185 272.0851 0.1110232 -0.002612997 -0.9938146 -41.9453 0 0 0 1
106 1 -0.9934359 -0.02802424 -0.1109072 15.06024 -0.02756109 0.9996038 -0.005707185 272.0851 0.1110232 -0.002612997 -0.9938146 -41.94529 0 0 0 1
107 0 -0.9933815 -0.02766442 -0.1114811 15.9104 -0.02727948 0.9996154 -0.004977087 272.1145 0.1115759 -0.001902999 -0.9937541 -42.18485 0 0 0 1
107 1 -0.9933815 -0.02766442 -0.1114811 15.37768 -0.02727948 0.9996154 -0.004977087 272.1145 0.1115759 -0.001902999 -0.9937541 -42.18486 0 0 0 1
108 0 -0.9932694 -0.02775342 -0.1124546 16.11182 -0.02743406 0.999614 -0.004386611 272.1482 0.1125329 -0.001272 -0.9936473 -42.49423 0 0 0 1
108 1 -0.9932694 -0.02775342 -0.1124546 15.5791 -0.02743406 0.999614 -0.004386611 272.1481 0.1125329 -0.001272 -0.9936473 -42.49423 0 0 0 1
109 0 -0.9931712 -0.02797633 -0.1132622 16.25887 -0.0276565 0.9996078 -0.004394445 272.1587 0.1133407 -0.001232 -0.9935554 -42.91602 0 0 0 1
109 1 -0.9931712 -0.02797633 -0.1132622 15.72614 -0.0276565 0.9996078 -0.004394445 272.1587 0.1133407 -0.001232 -0.9935554 -42.91602 0 0 0 1
110 0 -0.9931056 -0.02765644 -0.1139148 16.55733 -0.02730524 0.9996164 -0.004642477 272.1472 0.1139994 -0.0015 -0.9934797 -43.41583 0 0 0 1
110 1 -0.9931056 -0.02765644 -0.1139148 16.02461 -0.02730524 0.9996164 -0.004642477 272.1472 0.1139994 -0.0015 -0.9934797 -43.41583 0 0 0 1
111 0 -0.9930102 -0.02755648 -0.1147665 16.80968 -0.02721149 0.9996192 -0.004571924 272.1547 0.1148488 -0.001417 -0.9933819 -43.86354 0 0 0 1
111 1 -0.9930102 -0.02755648 -0.1147665 16.27696 -0.02721149 0.9996192 -0.004571924 272.1547 0.1148488 -0.001417 -0.9933819 -43.86354 0 0 0 1
112 0 -0.992896 -0.02800033 -0.1156439 16.8882 -0.02770027 0.9996074 -0.004201213 272.187 0.1157161 -0.0009679999 -0.9932818 -44.16982 0 0 0 1
112 1 -0.992896 -0.02800033 -0.1156439 16.35548 -0.02770027 0.9996074 -0.004201213 272.187 0.1157161 -0.0009679999 -0.9932818 -44.16982 0 0 0 1
113 0 -0.9927702 -0.02813328 -0.1166888 17.06554 -0.0278454 0.9996039 -0.004096867 272.2015 0.1167579 -0.0008180001 -0.9931604 -44.5999 0 0 0 1
113 1 -0.9927702 -0.02813328 -0.1166888 16.53281 -0.0278454 0.9996039 -0.004096867 272.2014 0.1167579 -0.0008180001 -0.9931604 -44.5999 0 0 0 1
114 0 -0.9926903 -0.02794335 -0.1174096 17.31922 -0.02762865 0.999609 -0.004307353 272.1938 0.117484 -0.001032 -0.9930742 -45.07811 0 0 0 1
114 1 -0.9926903 -0.02794335 -0.1174096 16.78649 -0.02762865 0.999609 -0.004307353 272.1938 0.117484 -0.001032 -0.9930742 -45.07811 0 0 0 1
115 0 -0.9926007 -0.02787538 -0.1181827 17.53531 -0.02756856 0.999611 -0.004230431 272.2019 0.1182547 -0.0009410001 -0.992983 -45.47319 0 0 0 1
115 1 -0.9926007 -0.02787538 -0.1181827 17.00258 -0.02756856 0.999611 -0.004230431 272.2019 0.1182547 -0.0009410001 -0.992983 -45.47319 0 0 0 1
116 0 -0.9924533 -0.02825323 -0.1193246 17.63502 -0.02795304 0.9996005 -0.004189098 272.2193 0.1193953 -0.000822 -0.9928466 -45.90723 0 0 0 1
116 1 -0.9924533 -0.02825323 -0.1193246 17.10229 -0.02795304 0.9996005 -0.004189098 272.2192 0.1193953 -0.000822 -0.9928466 -45.90723 0 0 0 1
117 0 -0.9923482 -0.0283322 -0.1201768 17.80423 -0.02803203 0.9995983 -0.004187844 272.2274 0.1202471 -0.0007869999 -0.9927437 -46.31456 0 0 0 1
117 1 -0.9923482 -0.0283322 -0.1201768 17.2715 -0.02803203 0.9995983 -0.004187844 272.2274 0.1202471 -0.0007869999 -0.9927437 -46.31455 0 0 0 1
118 0 -0.9922826 -0.0280783 -0.1207765 18.07351 -0.02774929 0.9996052 -0.004405462 272.2172 0.1208525 -0.00102 -0.9926701 -46.78612 0 0 0 1
118 1 -0.9922826 -0.0280783 -0.1207765 17.54078 -0.02774929 0.9996052 -0.004405462 272.2172 0.1208525 -0.00102 -0.9926701 -46.78613 0 0 0 1
119 0 -0.992178 -0.02829622 -0.1215819 18.22555 -0.02799425 0.9995993 -0.00419138 272.2392 0.1216518 -0.0007549999 -0.9925725 -47.16297 0 0 0 1
119 1 -0.992178 -0.02829622 -0.1215819 17.69283 -0.02799425 0.9995993 -0.00419138 272.2392 0.1216518 -0.0007549999 -0.9925725 -47.16297 0 0 0 1
120 0 -0.992051 -0.02864907 -0.1225319 18.30939 -0.02833576 0.9995892 -0.004299207 272.2486 0.1226047 -0.000793 -0.9924554 -47.58404 0 0 0 1
120 1 -0.992051 -0.02864907 -0.1225319 17.77666 -0.02833576 0.9995892 -0.004299207 272.2486 0.1226047 -0.000793 -0.9924554 -47.58404 0 0 0 1
121 0 -0.9919386 -0.02878202 -0.1234077 18.45404 -0.02848377 0.9995855 -0.004180818 272.2637 0.1234768 -0.000632 -0.9923474 -47.9465 0 0 0 1
121 1 -0.9919386 -0.02878202 -0.1234077 17.92131 -0.02848377 0.9995855 -0.004180818 272.2637 0.1234768 -0.000632 -0.9923474 -47.94649 0 0 0 1
122 0 -0.9918565 -0.02890997 -0.124037 18.63184 -0.02862892 0.9995819 -0.004048011 272.2801 0.1241021 -0.0004640002 -0.9922695 -48.33583 0 0 0 1
122 1 -0.9918565 -0.02890997 -0.124037 18.09912 -0.02862892 0.9995819 -0.004048011 272.2801 0.1241021 -0.0004640002 -0.9922695 -48.33583 0 0 0 1
123 0 -0.9917796 -0.02912388 -0.1245994 18.76465 -0.02887254 0.9995758 -0.003822926 272.3026 0.1246579 -0.000194 -0.9921998 -48.65331 0 0 0 1
123 1 -0.9917796 -0.02912388 -0.1245994 18.23193 -0.02887254 0.9995758 -0.003822926 272.3026 0.1246579 -0.000194 -0.9921998 -48.6533 0 0 0 1
124 0 -0.9917009 -0.0297576 -0.1250751 18.80685 -0.02958418 0.999557 -0.003244169 272.3539 0.1251163 0.0004829997 -0.992142 -48.89137 0 0 0 1
124 1 -0.9917009 -0.0297576 -0.1250751 18.27412 -0.02958418 0.999557 -0.003244169 272.3539 0.1251163 0.0004829997 -0.992142 -48.89137 0 0 0 1
125 0 -0.9916495 -0.03010045 -0.1254011 18.91072 -0.02990568 0.9995468 -0.003435896 272.3596 0.1254477 0.0003430001 -0.9921002 -49.30559 0 0 0 1
125 1 -0.9916495 -0.03010045 -0.1254011 18.37799 -0.02990568 0.9995468 -0.003435896 272.3595 0.1254477 0.0003430001 -0.9921002 -49.30558 0 0 0 1
126 0 -0.9916234 -0.03041131 -0.125533 19.02998 -0.03016486 0.9995375 -0.003864054 272.3525 0.1255925 -4.500011E-05 -0.9920821 -49.77867 0 0 0 1
126 1 -0.9916234 -0.03041131 -0.125533 18.49726 -0.03016486 0.9995375 -0.003864054 272.3524 0.1255925 -4.500011E-05 -0.9920821 -49.77867 0 0 0 1
127 0 -0.9916449 -0.03014443 -0.1254274 19.33648 -0.02989473 0.9995456 -0.003872979 272.3521 0.1254872 -9.100034E-05 -0.9920954 -50.18558 0 0 0 1
127 1 -0.9916449 -0.03014443 -0.1254274 18.80376 -0.02989473 0.9995456 -0.003872979 272.3521 0.1254872 -9.100034E-05 -0.9920954 -50.18559 0 0 0 1
128 0 -0.9916511 -0.03024939 -0.1253522 19.51815 -0.03005009 0.9995424 -0.003480907 272.3809 0.1254001 0.0003150002 -0.9921062 -50.43022 0 0 0 1
128 1 -0.9916511 -0.03024939 -0.1253522 18.98542 -0.03005009 0.9995424 -0.003480907 272.381 0.1254001 0.0003150002 -0.9921062 -50.43022 0 0 0 1
129 0 -0.9916354 -0.03072417 -0.1253617 19.59297 -0.03052334 0.9995279 -0.003522927 272.3975 0.1254108 0.0003330002 -0.992105 -50.77898 0 0 0 1
129 1 -0.9916354 -0.03072417 -0.1253617 19.06025 -0.03052334 0.9995279 -0.003522927 272.3975 0.1254108 0.0003330002 -0.992105 -50.77898 0 0 0 1
130 0 -0.9916309 -0.03124192 -0.1252684 19.67975 -0.03098868 0.9995118 -0.00397013 272.395 0.1253313 -5.499995E-05 -0.992115 -51.26635 0 0 0 1
130 1 -0.9916309 -0.03124192 -0.1252684 19.14703 -0.03098868 0.9995118 -0.00397013 272.395 0.1253313 -5.499995E-05 -0.992115 -51.26635 0 0 0 1
131 0 -0.991665 -0.03118694 -0.1250125 19.90779 -0.03088611 0.9995134 -0.00434436 272.3802 0.1250872 -0.0004470003 -0.9921458 -51.71261 0 0 0 1
131 1 -0.991665 -0.03118694 -0.1250125 19.37507 -0.03088611 0.9995134 -0.00434436 272.3802 0.1250872 -0.0004470003 -0.9921458 -51.71261 0 0 0 1
132 0 -0.9916953 -0.03103502 -0.1248108 20.17749 -0.03075088 0.9995182 -0.004202948 272.3902 0.1248811 -0.0003300002 -0.9921719 -52.0528 0 0 0 1
132 1 -0.9916953 -0.03103502 -0.1248108 19.64476 -0.03075088 0.9995182 -0.004202948 272.3903 0.1248811 -0.0003300002 -0.9921719 -52.0528 0 0 0 1
133 0 -0.9917028 -0.031085 -0.1247381 20.36407 -0.03085621 0.9995167 -0.003766192 272.4206 0.1247948 0.0001140002 -0.9921827 -52.26978 0 0 0 1
133 1 -0.9917028 -0.031085 -0.1247381 19.83134 -0.03085621 0.9995167 -0.003766192 272.4207 0.1247948 0.0001140002 -0.9921827 -52.26978 0 0 0 1
134 0 -0.9916865 -0.03138085 -0.1247936 20.47519 -0.03113492 0.9995075 -0.003921036 272.4265 0.1248552 -2.99979E-06 -0.9921751 -52.639 0 0 0 1
134 1 -0.9916865 -0.03138085 -0.1247936 19.94246 -0.03113492 0.9995075 -0.003921036 272.4265 0.1248552 -2.99979E-06 -0.9921751 -52.639 0 0 0 1
135 0 -0.9916676 -0.03174567 -0.1248512 20.58554 -0.03153389 0.9994959 -0.003672644 272.4564 0.1249048 0.0002950003 -0.9921688 -52.92608 0 0 0 1
135 1 -0.9916676 -0.03174567 -0.1248512 20.05281 -0.03153389 0.9994959 -0.003672644 272.4565 0.1249048 0.0002950003 -0.9921688 -52.92608 0 0 0 1
136 0 -0.9916513 -0.03185661 -0.1249528 20.74055 -0.03165559 0.9994923 -0.003594465 272.4698 0.1250039 0.0003909998 -0.9921563 -53.23166 0 0 0 1
136 1 -0.9916513 -0.03185661 -0.1249528 20.20782 -0.03165559 0.9994923 -0.003594465 272.4698 0.1250039 0.0003909998 -0.9921563 -53.23167 0 0 0 1
137 0 -0.9916165 -0.03210749 -0.1251636 20.84993 -0.03184997 0.9994844 -0.004058481 272.4579 0.1252294 -3.799982E-05 -0.9921278 -53.68 0 0 0 1
137 1 -0.9916165 -0.03210749 -0.1251636 20.31721 -0.03184997 0.9994844 -0.004058481 272.4579 0.1252294 -3.799982E-05 -0.9921278 -53.68 0 0 0 1
138 0 -0.991564 -0.03197455 -0.1256123 21.067 -0.03165778 0.9994885 -0.004517716 272.4357 0.1256925 -0.0005029999 -0.9920691 -54.17435 0 0 0 1
138 1 -0.991564 -0.03197455 -0.1256123 20.53427 -0.03165778 0.9994885 -0.004517716 272.4357 0.1256925 -0.0005029999 -0.9920691 -54.17435 0 0 0 1
