frame cameraID r1,1 r1,2 r1,3 t1 r2,1 r2,2 r2,3 t2 r3,1 r3,2 r3,3 t3 0 0 0 1
0 0 0.4085594 0.0248937 0.9123923 2.247197 -0.003201224 0.9996609 -0.02584127 114.6336 -0.9127262 0.007636925 0.4085006 -0.08538312 0 0 0 1
0 1 0.4085594 0.0248937 0.9123923 1.714472 -0.003201224 0.9996609 -0.02584127 114.6336 -0.9127262 0.007636925 0.4085006 -0.08538312 0 0 0 1
1 0 0.4124876 0.02444901 0.9106351 1.890863 -0.003960063 0.9996784 -0.0250459 114.6497 -0.9109547 0.00672495 0.4124517 -1.341982 0 0 0 1
1 1 0.4124876 0.02444901 0.9106351 1.358138 -0.003960063 0.9996784 -0.0250459 114.6497 -0.9109547 0.00672495 0.4124517 -1.341982 0 0 0 1
2 0 0.4163104 0.02587269 0.9088545 1.752101 -0.005571489 0.9996489 -0.02590529 114.6599 -0.9092056 0.005720967 0.4163083 -2.608411 0 0 0 1
2 1 0.4163104 0.02587269 0.9088545 1.219376 -0.005571489 0.9996489 -0.02590529 114.6599 -0.9092056 0.005720967 0.4163083 -2.608412 0 0 0 1
3 0 0.420145 0.02692048 0.9070577 1.533383 -0.007234325 0.9996275 -0.02631694 114.6695 -0.9074282 0.004494984 0.4201832 -4.009634 0 0 0 1
3 1 0.420145 0.02692048 0.9070577 1.000658 -0.007234325 0.9996275 -0.02631694 114.6695 -0.9074282 0.004494984 0.4201832 -4.009634 0 0 0 1
4 0 0.4239277 0.02790507 0.905266 1.336748 -0.007610587 0.9995997 -0.02724896 114.6826 -0.9056641 0.004661984 0.4239703 -5.139141 0 0 0 1
4 1 0.4239277 0.02790507 0.905266 0.8040233 -0.007610587 0.9995997 -0.02724896 114.6826 -0.9056641 0.004661984 0.4239703 -5.139141 0 0 0 1
5 0 0.4274303 0.02733008 0.9036351 0.9613667 -0.006122567 0.9996075 -0.02733668 114.7064 -0.9040275 0.006151961 0.4274299 -6.11678 0 0 0 1
5 1 0.4274303 0.02733008 0.9036351 0.4286418 -0.006122567 0.9996075 -0.02733668 114.7064 -0.9040275 0.006151961 0.4274299 -6.11678 0 0 0 1
6 0 0.4316078 0.02522051 0.9017087 0.3966115 -0.00363511 0.9996496 -0.02621992 114.7378 -0.9020541 0.008038914 0.4315483 -7.168831 0 0 0 1
6 1 0.4316078 0.02522051 0.9017087 -0.1361139 -0.00363511 0.9996496 -0.02621992 114.7378 -0.9020541 0.008038914 0.4315483 -7.168831 0 0 0 1
7 0 0.4352818 0.02243927 0.9000146 -0.2180352 -0.001936425 0.9997104 -0.02398837 114.7599 -0.9002922 0.00869889 0.4351992 -8.251131 0 0 0 1
7 1 0.4352818 0.02243927 0.9000146 -0.7507601 -0.001936425 0.9997104 -0.02398837 114.7599 -0.9002922 0.00869889 0.4351992 -8.251131 0 0 0 1
8 0 0.4386159 0.02068593 0.8984365 -0.7060189 -0.002272648 0.9997574 -0.02190928 114.7646 -0.8986717 0.007567928 0.4385565 -9.537525 0 0 0 1
8 1 0.4386159 0.02068593 0.8984365 -1.238744 -0.002272648 0.9997574 -0.02190928 114.7646 -0.8986717 0.007567928 0.4385565 -9.537525 0 0 0 1
9 0 0.4417816 0.01808165 0.8969404 -1.322403 -0.002325986 0.9998166 -0.01900991 114.7641 -0.8971195 0.006311957 0.4417427 -10.95431 0 0 0 1
9 1 0.4417816 0.01808165 0.8969404 -1.855128 -0.002325986 0.9998166 -0.01900991 114.7641 -0.8971195 0.006311957 0.4417427 -10.95431 0 0 0 1
10 0 0.4439527 0.01984856 0.8958304 -1.415359 -0.005441164 0.9997959 -0.01945557 114.7482 -0.8960338 0.003762991 0.4439701 -12.40069 0 0 0 1
10 1 0.4439527 0.01984856 0.8958304 -1.948083 -0.005441164 0.9997959 -0.01945557 114.7482 -0.8960338 0.003762991 0.4439701 -12.40069 0 0 0 1
11 0 0.446077 0.02073652 0.8947543 -1.640116 -0.009309362 0.9997849 -0.01852952 114.7078 -0.8949461 -6.399956E-05 0.4461742 -14.10797 0 0 0 1
11 1 0.446077 0.02073652 0.8947543 -2.172841 -0.009309362 0.9997849 -0.01852952 114.7078 -0.8949461 -6.399956E-05 0.4461742 -14.10797 0 0 0 1
12 0 0.4483625 0.02426862 0.8935224 -1.524514 -0.01068765 0.9997054 -0.02178964 114.7241 -0.893788 0.0002200007 0.4484898 -15.23217 0 0 0 1
12 1 0.4483625 0.02426862 0.8935224 -2.057238 -0.01068765 0.9997054 -0.02178964 114.7241 -0.893788 0.0002200007 0.4484898 -15.23217 0 0 0 1
13 0 0.4501581 0.02669778 0.8925498 -1.539294 -0.01026738 0.9996416 -0.02472274 114.764 -0.89289 0.001964998 0.4502709 -16.1881 0 0 0 1
13 1 0.4501581 0.02669778 0.8925498 -2.072021 -0.01026738 0.9996416 -0.02472274 114.764 -0.89289 0.001964998 0.4502709 -16.1881 0 0 0 1
14 0 0.4526691 0.02955434 0.8911886 -1.523465 -0.009018756 0.9995512 -0.02856698 114.8304 -0.8916329 0.004893979 0.4527326 -17.12805 0 0 0 1
14 1 0.4526691 0.02955434 0.8911886 -2.056188 -0.009018756 0.9995512 -0.02856698 114.8304 -0.8916329 0.004893979 0.4527326 -17.12805 0 0 0 1
15 0 0.4555957 0.0290623 0.8897123 -1.841419 -0.00749362 0.9995567 -0.02881309 114.8714 -0.8901553 0.006459954 0.4556115 -18.11129 0 0 0 1
15 1 0.4555957 0.0290623 0.8897123 -2.374143 -0.00749362 0.9995567 -0.02881309 114.8714 -0.8901553 0.006459954 0.4556115 -18.11129 0 0 0 1
16 0 0.4591058 0.03087945 0.8878448 -1.879676 -0.008429159 0.9995021 -0.03040418 114.89 -0.8883417 0.006474954 0.4591376 -19.27432 0 0 0 1
16 1 0.4591058 0.03087945 0.8878448 -2.4124 -0.008429159 0.9995021 -0.03040418 114.89 -0.8883417 0.006474954 0.4591376 -19.27432 0 0 0 1
17 0 0.4624994 0.03035598 0.8860998 -2.180314 -0.009727546 0.9995273 -0.02916448 114.8709 -0.8865662 0.00486898 0.4625761 -20.62252 0 0 0 1
17 1 0.4624994 0.03035598 0.8860998 -2.71304 -0.009727546 0.9995273 -0.02916448 114.8709 -0.8865662 0.00486898 0.4625761 -20.62252 0 0 0 1
18 0 0.4662975 0.03049793 0.8841021 -2.422799 -0.01004277 0.9995236 -0.02918269 114.8823 -0.884571 0.004728984 0.4663817 -21.92066 0 0 0 1
18 1 0.4662975 0.03049793 0.8841021 -2.955523 -0.01004277 0.9995236 -0.02918269 114.8823 -0.884571 0.004728984 0.4663817 -21.92066 0 0 0 1
19 0 0.4695983 0.03167 0.882312 -2.522782 -0.008967225 0.999476 -0.03110284 114.9432 -0.8828346 0.006693951 0.4696362 -22.86081 0 0 0 1
19 1 0.4695983 0.03167 0.882312 -3.055507 -0.008967225 0.999476 -0.03110284 114.9432 -0.8828346 0.006693951 0.4696362 -22.86081 0 0 0 1
20 0 0.4733661 0.03162929 0.8802978 -2.776246 -0.006591235 0.9994543 -0.03236628 115.0273 -0.8808411 0.009518853 0.4733163 -23.81997 0 0 0 1
20 1 0.4733661 0.03162929 0.8802978 -3.30897 -0.006591235 0.9994543 -0.03236628 115.0273 -0.8808411 0.009518853 0.4733163 -23.81997 0 0 0 1
21 0 0.4761218 0.03262788 0.8787739 -2.897918 -0.007597053 0.9994268 -0.03299148 115.0366 -0.8793465 0.009031877 0.4760967 -25.03621 0 0 0 1
21 1 0.4761218 0.03262788 0.8787739 -3.430642 -0.007597053 0.9994268 -0.03299148 115.0366 -0.8793465 0.009031877 0.4760967 -25.03621 0 0 0 1
22 0 0.4781374 0.03364785 0.8776402 -3.0336 -0.01006876 0.9994102 -0.03283094 115.0013 -0.8782274 0.006860947 0.4781942 -26.44346 0 0 0 1
22 1 0.4781374 0.03364785 0.8776402 -3.566326 -0.01006876 0.9994102 -0.03283094 115.0013 -0.8782274 0.006860947 0.4781942 -26.44346 0 0 0 1
23 0 0.4795283 0.0335402 0.8768853 -3.345489 -0.01122977 0.999422 -0.03208609 114.983 -0.8774546 0.005538972 0.4796278 -27.86625 0 0 0 1
23 1 0.4795283 0.0335402 0.8768853 -3.878214 -0.01122977 0.999422 -0.03208609 114.983 -0.8774546 0.005538972 0.4796278 -27.86625 0 0 0 1
24 0 0.4802599 0.0330435 0.8765036 -3.6907 -0.01111858 0.9994392 -0.03158591 114.9939 -0.8770558 0.005423972 0.4803579 -29.02764 0 0 0 1
24 1 0.4802599 0.0330435 0.8765036 -4.223425 -0.01111858 0.9994392 -0.03158591 114.9939 -0.8770558 0.005423972 0.4803579 -29.02764 0 0 0 1
25 0 0.4809925 0.03074201 0.8761855 -4.235429 -0.01212309 0.9995227 -0.02841433 114.9278 -0.8766409 0.003044996 0.4811356 -30.44628 0 0 0 1
25 1 0.4809925 0.03074201 0.8761855 -4.768154 -0.01212309 0.9995227 -0.02841433 114.9278 -0.8766409 0.003044996 0.4811356 -30.44628 0 0 0 1
26 0 0.4820992 0.02986156 0.8756076 -4.623551 -0.0145832 0.999554 -0.02605927 114.8327 -0.8759953 -0.0002060011 0.4823197 -32.07259 0 0 0 1
26 1 0.4820992 0.02986156 0.8756076 -5.156276 -0.0145832 0.999554 -0.02605927 114.8327 -0.8759953 -0.0002060011 0.4823197 -32.07259 0 0 0 1
27 0 0.4831618 0.03226539 0.8749364 -4.603727 -0.01467437 0.9994788 -0.02875463 114.8933 -0.8754081 0.001054002 0.4833835 -33.06841 0 0 0 1
27 1 0.4831618 0.03226539 0.8749364 -5.136454 -0.01467437 0.9994788 -0.02875463 114.8933 -0.8754081 0.001054002 0.4833835 -33.06841 0 0 0 1
28 0 0.4837572 0.03207111 0.8746145 -4.904478 -0.01117639 0.9994733 -0.03046777 115.0355 -0.8751309 0.004963976 0.4838609 -33.75646 0 0 0 1
28 1 0.4837572 0.03207111 0.8746145 -5.437201 -0.01117639 0.9994733 -0.03046777 115.0355 -0.8751309 0.004963976 0.4838609 -33.75646 0 0 0 1
29 0 0.4845272 0.03467471 0.8740887 -4.906484 -0.009119659 0.99936 -0.03458893 115.1976 -0.8747286 0.008787886 0.4845333 -34.56422 0 0 0 1
29 1 0.4845272 0.03467471 0.8740887 -5.439205 -0.009119659 0.99936 -0.03458893 115.1976 -0.8747286 0.008787886 0.4845333 -34.56422 0 0 0 1
30 0 0.4855303 0.0370878 0.8734329 -4.890563 -0.009651303 0.9992662 -0.03706591 115.2566 -0.8741666 0.009566857 0.4855319 -35.60736 0 0 0 1
30 1 0.4855303 0.0370878 0.8734329 -5.42329 -0.009651303 0.9992662 -0.03706591 115.2566 -0.8741666 0.009566857 0.4855319 -35.60736 0 0 0 1
31 0 0.4870144 0.03548798 0.8726727 -5.311758 -0.009083431 0.9993259 -0.03556923 115.2616 -0.8733467 0.009395864 0.4870085 -36.7627 0 0 0 1
31 1 0.4870144 0.03548798 0.8726727 -5.844483 -0.009083431 0.9993259 -0.03556923 115.2616 -0.8733467 0.009395864 0.4870085 -36.7627 0 0 0 1
32 0 0.487994 0.03305257 0.8722211 -5.876602 -0.008068687 0.9994109 -0.0333581 115.2635 -0.8728098 0.009240871 0.4879732 -38.0192 0 0 0 1
32 1 0.487994 0.03305257 0.8722211 -6.409325 -0.008068687 0.9994109 -0.0333581 115.2635 -0.8728098 0.009240871 0.4879732 -38.0192 0 0 0 1
33 0 0.4888157 0.0329999 0.8717628 -6.144571 -0.008989936 0.9994218 -0.03279149 115.241 -0.8723409 0.008191906 0.4888297 -39.26225 0 0 0 1
33 1 0.4888157 0.0329999 0.8717628 -6.677295 -0.008989936 0.9994218 -0.03279149 115.241 -0.8723409 0.008191906 0.4888297 -39.26225 0 0 0 1
34 0 0.4900896 0.03183777 0.8710904 -6.515484 -0.009207129 0.9994661 -0.03134973 115.2163 -0.8716234 0.007343935 0.4901211 -40.4839 0 0 0 1
34 1 0.4900896 0.03183777 0.8710904 -7.04821 -0.009207129 0.9994661 -0.03134973 115.2163 -0.8716234 0.007343935 0.4901211 -40.4839 0 0 0 1
35 0 0.491865 0.03072307 0.8701293 -6.880342 -0.007774429 0.9994923 -0.030896 115.2707 -0.8706368 0.008431901 0.4918541 -41.60254 0 0 0 1
35 1 0.491865 0.03072307 0.8701293 -7.413064 -0.007774429 0.9994923 -0.030896 115.2707 -0.8706368 0.008431901 0.4918541 -41.60254 0 0 0 1
36 0 0.4940129 0.02906433 0.8689686 -7.25264 -0.005325652 0.9995235 -0.03040333 115.3575 -0.8694382 0.01039181 0.4939323 -42.50368 0 0 0 1
36 1 0.4940129 0.02906433 0.8689686 -7.785364 -0.005325652 0.9995235 -0.03040333 115.3575 -0.8694382 0.01039181 0.4939323 -42.50368 0 0 0 1
37 0 0.4965153 0.02909934 0.8675402 -7.4177 -0.005471465 0.999523 -0.0303949 115.3724 -0.8680108 0.01034482 0.4964376 -43.64186 0 0 0 1
37 1 0.4965153 0.02909934 0.8675402 -7.950424 -0.005471465 0.999523 -0.0303949 115.3724 -0.8680108 0.01034482 0.4964376 -43.64186 0 0 0 1
38 0 0.4994299 0.02888383 0.8658727 -7.626883 -0.006681896 0.9995428 -0.02948873 115.3259 -0.8663285 0.008941882 0.4993946 -45.05783 0 0 0 1
38 1 0.4994299 0.02888383 0.8658727 -8.159609 -0.006681896 0.9995428 -0.02948873 115.3259 -0.8663285 0.008941882 0.4993946 -45.05783 0 0 0 1
39 0 0.5022697 0.02856198 0.8642392 -7.815542 -0.006639357 0.9995522 -0.02917531 115.3368 -0.8646855 0.008915882 0.5022345 -46.19896 0 0 0 1
39 1 0.5022697 0.02856198 0.8642392 -8.348269 -0.006639357 0.9995522 -0.02917531 115.3368 -0.8646855 0.008915882 0.5022345 -46.19896 0 0 0 1
40 0 0.5050913 0.02742917 0.86263 -8.12397 -0.005170852 0.9995731 -0.02875591 115.3983 -0.8630504 0.01006383 0.5050175 -47.31425 0 0 0 1
40 1 0.5050913 0.02742917 0.86263 -8.656694 -0.005170852 0.9995731 -0.02875591 115.3983 -0.8630504 0.01006383 0.5050175 -47.31426 0 0 0 1
41 0 0.5079287 0.02741621 0.8609627 -8.265862 -0.005364905 0.9995747 -0.02866508 115.4074 -0.8613824 0.009940836 0.5078598 -48.46134 0 0 0 1
41 1 0.5079287 0.02741621 0.8609627 -8.798588 -0.005364905 0.9995747 -0.02866508 115.4074 -0.8613824 0.009940836 0.5078598 -48.46134 0 0 0 1
42 0 0.5107464 0.02607096 0.8593361 -8.556664 -0.005476396 0.9996185 -0.02707202 115.3703 -0.859714 0.009120874 0.5106943 -49.68483 0 0 0 1
42 1 0.5107464 0.02607096 0.8593361 -9.089386 -0.005476396 0.9996185 -0.02707202 115.3703 -0.859714 0.009120874 0.5106943 -49.68483 0 0 0 1
43 0 0.5137579 0.02636592 0.8575299 -8.674885 -0.006013921 0.9996138 -0.02713146 115.3708 -0.8579141 0.00878189 0.5137181 -50.96106 0 0 0 1
43 1 0.5137579 0.02636592 0.8575299 -9.207613 -0.006013921 0.9996138 -0.02713146 115.3708 -0.8579141 0.00878189 0.5137181 -50.96106 0 0 0 1
44 0 0.5164966 0.02700475 0.8558633 -8.735014 -0.006703223 0.9995995 -0.02749474 115.3732 -0.856263 0.008463901 0.5164708 -52.11961 0 0 0 1
44 1 0.5164966 0.02700475 0.8558633 -9.267735 -0.006703223 0.9995995 -0.02749474 115.3732 -0.856263 0.008463901 0.5164708 -52.11961 0 0 0 1
45 0 0.5191214 0.02751691 0.8542575 -8.80728 -0.008580699 0.999599 -0.0269842 115.2954 -0.8546575 0.006677952 0.5191493 -53.43669 0 0 0 1
45 1 0.5191214 0.02751691 0.8542575 -9.34001 -0.008580699 0.999599 -0.0269842 115.2954 -0.8546575 0.006677952 0.5191493 -53.43669 0 0 0 1
46 0 0.5220823 0.0277402 0.8524439 -8.913586 -0.01091022 0.9996064 -0.02584715 115.173 -0.8528254 0.004193989 0.5221794 -54.9445 0 0 0 1
46 1 0.5220823 0.0277402 0.8524439 -9.446308 -0.01091022 0.9996064 -0.02584715 115.173 -0.8528254 0.004193989 0.5221794 -54.9445 0 0 0 1
47 0 0.5250006 0.02740537 0.8506606 -9.044874 -0.01110797 0.999617 -0.02534875 115.1585 -0.8510295 0.003858992 0.5251039 -56.09995 0 0 0 1
47 1 0.5250006 0.02740537 0.8506606 -9.577599 -0.01110797 0.999617 -0.02534875 115.1585 -0.8510295 0.003858992 0.5251039 -56.09995 0 0 0 1
48 0 0.5280716 0.0259987 0.8488019 -9.288277 -0.009178442 0.9996476 -0.02490884 115.238 -0.8491503 0.005362975 0.5281242 -57.04115 0 0 0 1
48 1 0.5280716 0.0259987 0.8488019 -9.821003 -0.009178442 0.9996476 -0.02490884 115.238 -0.8491503 0.005362975 0.5281242 -57.04115 0 0 0 1
49 0 0.5318487 0.02644559 0.8464264 -9.294718 -0.009842345 0.9996378 -0.0250481 115.2286 -0.8467823 0.00499098 0.5319164 -58.30926 0 0 0 1
49 1 0.5318487 0.02644559 0.8464264 -9.827444 -0.009842345 0.9996378 -0.0250481 115.2286 -0.8467823 0.00499098 0.5319164 -58.30926 0 0 0 1
50 0 0.5351861 0.02577474 0.8443409 -9.425077 -0.009059617 0.999652 -0.0247734 115.2659 -0.8446857 0.005608972 0.5352334 -59.35164 0 0 0 1
50 1 0.5351861 0.02577474 0.8443409 -9.957804 -0.009059617 0.999652 -0.0247734 115.2659 -0.8446857 0.005608972 0.5352334 -59.35164 0 0 0 1
51 0 0.5389648 0.0250917 0.8419544 -9.517252 -0.007379883 0.9996585 -0.02506743 115.368 -0.8422959 0.007296936 0.5389659 -60.27586 0 0 0 1
51 1 0.5389648 0.0250917 0.8419544 -10.04998 -0.007379883 0.9996585 -0.02506743 115.368 -0.8422959 0.007296936 0.5389659 -60.27586 0 0 0 1
52 0 0.5434095 0.02557158 0.8390783 -9.448837 -0.00798911 0.9996482 -0.02529112 115.3654 -0.8394299 0.007039944 0.5434226 -61.52605 0 0 0 1
52 1 0.5434095 0.02557158 0.8390783 -9.981562 -0.00798911 0.9996482 -0.02529112 115.3653 -0.8394299 0.007039944 0.5434226 -61.52605 0 0 0 1
53 0 0.5478101 0.02430701 0.8362495 -9.5457 -0.007438641 0.9996799 -0.02418448 115.3592 -0.8365696 0.007027943 0.5478156 -62.64555 0 0 0 1
53 1 0.5478101 0.02430701 0.8362495 -10.07842 -0.007438641 0.9996799 -0.02418448 115.3592 -0.8365696 0.007027943 0.5478156 -62.64555 0 0 0 1
54 0 0.5524734 0.02484269 0.8331603 -9.405554 -0.007201133 0.9996607 -0.02503219 115.4214 -0.8334994 0.007829919 0.5524648 -63.67509 0 0 0 1
54 1 0.5524734 0.02484269 0.8331603 -9.938276 -0.007201133 0.9996607 -0.02503219 115.4214 -0.8334994 0.007829919 0.5524648 -63.67509 0 0 0 1
55 0 0.5572298 0.0256084 0.8299633 -9.268074 -0.007693117 0.9996406 -0.02567868 115.443 -0.8303226 0.007923917 0.5572265 -64.89177 0 0 0 1
55 1 0.5572298 0.0256084 0.8299633 -9.800804 -0.007693117 0.9996406 -0.02567868 115.443 -0.8303226 0.007923917 0.5572265 -64.89177 0 0 0 1
56 0 0.5615008 0.02586319 0.8270719 -9.190977 -0.007534846 0.9996298 -0.02614379 115.4875 -0.8274419 0.0084479 0.5614878 -65.94325 0 0 0 1
56 1 0.5615008 0.02586319 0.8270719 -9.723698 -0.007534846 0.9996298 -0.02614379 115.4875 -0.8274419 0.0084479 0.5614878 -65.94325 0 0 0 1
57 0 0.5658636 0.02537829 0.8241082 -9.192699 -0.00710304 0.9996392 -0.02590652 115.5152 -0.8244683 0.008805888 0.5658396 -67.02199 0 0 0 1
57 1 0.5658636 0.02537829 0.8241082 -9.725424 -0.00710304 0.9996392 -0.02590652 115.5152 -0.8244683 0.008805888 0.5658396 -67.02199 0 0 0 1
58 0 0.5709029 0.02748897 0.8205573 -8.858545 -0.01041407 0.9996014 -0.02624142 115.3805 -0.8209515 0.006435955 0.5709616 -68.52208 0 0 0 1
58 1 0.5709029 0.02748897 0.8205573 -9.39127 -0.01041407 0.9996014 -0.02624142 115.3805 -0.8209515 0.006435955 0.5709616 -68.52208 0 0 0 1
59 0 0.5754696 0.02512987 0.8174369 -9.035027 -0.009408395 0.9996651 -0.02410854 115.3464 -0.8177691 0.006182962 0.5755132 -69.65668 0 0 0 1
59 1 0.5754696 0.02512987 0.8174369 -9.567755 -0.009408395 0.9996651 -0.02410854 115.3464 -0.8177691 0.006182962 0.5755132 -69.65668 0 0 0 1
60 0 0.5804707 0.02457572 0.8139102 -8.984303 -0.007671929 0.9996651 -0.024713 115.4817 -0.8142451 0.008100913 0.5804648 -70.6396 0 0 0 1
60 1 0.5804707 0.02457572 0.8139102 -9.517031 -0.007671929 0.9996651 -0.024713 115.4817 -0.8142451 0.008100913 0.5804648 -70.6396 0 0 0 1
61 0 0.5848411 0.02338472 0.8108107 -9.02177 -0.005653002 0.9996776 -0.02475433 115.6058 -0.8111282 0.00989384 0.5847847 -71.51466 0 0 0 1
61 1 0.5848411 0.02338472 0.8108107 -9.554491 -0.005653002 0.9996776 -0.02475433 115.6058 -0.8111282 0.00989384 0.5847847 -71.51466 0 0 0 1
62 0 0.5894359 0.02270658 0.807496 -8.971521 -0.004191999 0.9996774 -0.0250507 115.7153 -0.8078043 0.01138076 0.5893409 -72.42365 0 0 0 1
62 1 0.5894359 0.02270658 0.807496 -9.50424 -0.004191999 0.9996774 -0.0250507 115.7153 -0.8078043 0.01138076 0.5893409 -72.42366 0 0 0 1
63 0 0.593678 0.02394695 0.8043463 -8.751059 -0.004460142 0.9996397 -0.02646924 115.7926 -0.8046904 0.0121267 0.5935709 -73.5014 0 0 0 1
63 1 0.593678 0.02394695 0.8043463 -9.283785 -0.004460142 0.9996397 -0.02646924 115.7926 -0.8046904 0.0121267 0.5935709 -73.5014 0 0 0 1
64 0 0.5967969 0.02517558 0.8019974 -8.595577 -0.005530179 0.999613 -0.02726374 115.7938 -0.8023733 0.01183573 0.5967051 -74.56763 0 0 0 1
64 1 0.5967969 0.02517558 0.8019974 -9.1283 -0.005530179 0.999613 -0.02726374 115.7938 -0.8023733 0.01183573 0.5967051 -74.56763 0 0 0 1
65 0 0.5995451 0.02718536 0.7998792 -8.414948 -0.008514043 0.9995831 -0.02759101 115.6658 -0.8002957 0.00973185 0.5995265 -75.92072 0 0 0 1
65 1 0.5995451 0.02718536 0.7998792 -8.947674 -0.008514043 0.9995831 -0.02759101 115.6658 -0.8002957 0.00973185 0.5995265 -75.92073 0 0 0 1
66 0 0.6019976 0.02964759 0.7979473 -8.167355 -0.01108971 0.9995245 -0.02877072 115.5998 -0.798421 0.0084709 0.6020402 -77.05605 0 0 0 1
66 1 0.6019976 0.02964759 0.7979473 -8.700081 -0.01108971 0.9995245 -0.02877072 115.5998 -0.798421 0.0084709 0.6020402 -77.05605 0 0 0 1
67 0 0.6044637 0.03043778 0.796051 -8.106052 -0.01044555 0.9994867 -0.03028474 115.734 -0.7965642 0.009990834 0.6044713 -77.85824 0 0 0 1
67 1 0.6044637 0.03043778 0.796051 -8.638786 -0.01044555 0.9994867 -0.03028474 115.734 -0.7965642 0.009990834 0.6044713 -77.85824 0 0 0 1
68 0 0.6067898 0.03118836 0.7942502 -8.050247 -0.008705523 0.9994307 -0.03259449 115.9767 -0.7948146 0.01286365 0.6067159 -78.48268 0 0 0 1
68 1 0.6067898 0.03118836 0.7942502 -8.58297 -0.008705523 0.9994307 -0.03259449 115.9767 -0.7948146 0.01286365 0.6067159 -78.48268 0 0 0 1
69 0 0.6087155 0.03114864 0.7927769 -8.141499 -0.007377707 0.9994081 -0.03360249 116.1306 -0.7933543 0.01460548 0.608585 -79.30513 0 0 0 1
69 1 0.6087155 0.03114864 0.7927769 -8.674225 -0.007377707 0.9994081 -0.03360249 116.1306 -0.7933543 0.01460548 0.608585 -79.30514 0 0 0 1
70 0 0.6103425 0.03208534 0.7914875 -8.108723 -0.008487441 0.9993868 -0.03396821 116.1066 -0.7920921 0.01401454 0.6102406 -80.28869 0 0 0 1
70 1 0.6103425 0.03208534 0.7914875 -8.641453 -0.008487441 0.9993868 -0.03396821 116.1066 -0.7920921 0.01401454 0.6102406 -80.28868 0 0 0 1
71 0 0.6118176 0.03294338 0.7903126 -8.091808 -0.01011705 0.9993765 -0.03382592 116.0219 -0.7909342 0.01269966 0.6117694 -81.33963 0 0 0 1
71 1 0.6118176 0.03294338 0.7903126 -8.624531 -0.01011705 0.9993765 -0.03382592 116.0219 -0.7909342 0.01269966 0.6117694 -81.33964 0 0 0 1
72 0 0.6131767 0.03336794 0.7892408 -8.155846 -0.01210585 0.9993871 -0.03284734 115.8672 -0.789853 0.0105868 0.6132048 -82.56088 0 0 0 1
72 1 0.6131767 0.03336794 0.7892408 -8.688572 -0.01210585 0.9993871 -0.03284734 115.8672 -0.789853 0.0105868 0.6132048 -82.56087 0 0 0 1
73 0 0.6141573 0.03413415 0.7884451 -8.194885 -0.01430121 0.9993815 -0.03212633 115.7088 -0.789054 0.008454897 0.6142656 -83.6806 0 0 0 1
73 1 0.6141573 0.03413415 0.7884451 -8.727608 -0.01430121 0.9993815 -0.03212633 115.7088 -0.789054 0.008454897 0.6142656 -83.6806 0 0 0 1
74 0 0.6152776 0.03578457 0.7874979 -8.137371 -0.016797 0.9993375 -0.03228713 115.581 -0.7881315 0.006637949 0.6154711 -84.8467 0 0 0 1
74 1 0.6152776 0.03578457 0.7874979 -8.670097 -0.016797 0.9993375 -0.03228713 115.581 -0.7881315 0.006637949 0.6154711 -84.84671 0 0 0 1
75 0 0.6161953 0.03742945 0.7867036 -8.077095 -0.01791628 0.9992778 -0.03351007 115.5976 -0.7873896 0.006553954 0.6164209 -85.71727 0 0 0 1
75 1 0.6161953 0.03742945 0.7867036 -8.609825 -0.01791628 0.9992778 -0.03351007 115.5976 -0.7873896 0.006553954 0.6164209 -85.71727 0 0 0 1
76 0 0.6175458 0.03685701 0.785671 -8.246197 -0.01534077 0.9992759 -0.03481953 115.8536 -0.7863854 0.009449863 0.617664 -86.3302 0 0 0 1
76 1 0.6175458 0.03685701 0.785671 -8.778923 -0.01534077 0.9992759 -0.03481953 115.8536 -0.7863854 0.009449863 0.617664 -86.3302 0 0 0 1
77 0 0.6190046 0.03428258 0.7846388 -8.605869 -0.0113757 0.9993334 -0.03468873 116.1117 -0.7853049 0.01254667 0.618982 -86.81929 0 0 0 1
77 1 0.6190046 0.03428258 0.7846388 -9.138599 -0.0113757 0.9993334 -0.03468873 116.1117 -0.7853049 0.01254667 0.618982 -86.8193 0 0 0 1
78 0 0.620405 0.03269992 0.7835997 -8.83564 -0.00923503 0.9993657 -0.03439221 116.2462 -0.7842273 0.01410053 0.6203135 -87.48186 0 0 0 1
78 1 0.620405 0.03269992 0.7835997 -9.368362 -0.00923503 0.9993657 -0.03439221 116.2462 -0.7842273 0.01410053 0.6203135 -87.48186 0 0 0 1
79 0 0.6218691 0.03073582 0.7825178 -9.107346 -0.009451378 0.9994513 -0.03174552 116.0863 -0.7830641 0.01234569 0.6218184 -88.50654 0 0 0 1
79 1 0.6218691 0.03073582 0.7825178 -9.640072 -0.009451378 0.9994513 -0.03174552 116.0863 -0.7830641 0.01234569 0.6218184 -88.50654 0 0 0 1
80 0 0.6235976 0.02960421 0.7811848 -9.271549 -0.01067552 0.999512 -0.02935609 115.8748 -0.7816726 0.009966836 0.6236093 -89.67348 0 0 0 1
80 1 0.6235976 0.02960421 0.7811848 -9.804276 -0.01067552 0.999512 -0.02935609 115.8748 -0.7816726 0.009966836 0.6236093 -89.67348 0 0 0 1
81 0 0.6248703 0.02918058 0.780183 -9.37508 -0.01092461 0.9995303 -0.02863483 115.8263 -0.7806521 0.009369863 0.6248956 -90.53722 0 0 0 1
81 1 0.6248703 0.02918058 0.780183 -9.90781 -0.01092461 0.9995303 -0.02863483 115.8263 -0.7806521 0.009369863 0.6248956 -90.53722 0 0 0 1
82 0 0.6260561 0.02855987 0.7792549 -9.51561 -0.01060486 0.9995485 -0.0281137 115.8267 -0.7797059 0.009336863 0.6260762 -91.31624 0 0 0 1
82 1 0.6260561 0.02855987 0.7792549 -10.04834 -0.01060486 0.9995485 -0.0281137 115.8267 -0.7797059 0.009336863 0.6260762 -91.31625 0 0 0 1
83 0 0.6273065 0.02842197 0.7782537 -9.606583 -0.01067557 0.9995537 -0.02789892 115.822 -0.7786993 0.009192871 0.62733 -92.16385 0 0 0 1
83 1 0.6273065 0.02842197 0.7782537 -10.13931 -0.01067557 0.9995537 -0.02789892 115.822 -0.7786993 0.009192871 0.62733 -92.16385 0 0 0 1
84 0 0.6285051 0.02980237 0.7772343 -9.501331 -0.01169604 0.9995148 -0.0288676 115.8306 -0.7777176 0.009052877 0.6285487 -92.92242 0 0 0 1
84 1 0.6285051 0.02980237 0.7772343 -10.03406 -0.01169604 0.9995148 -0.0288676 115.8306 -0.7777176 0.009052877 0.6285487 -92.92241 0 0 0 1
85 0 0.6297113 0.03010809 0.7762455 -9.533829 -0.01158235 0.9995015 -0.02937156 115.8851 -0.7767429 0.009504857 0.6297461 -93.66109 0 0 0 1
85 1 0.6297113 0.03010809 0.7762455 -10.06656 -0.01158235 0.9995015 -0.02937156 115.8851 -0.7767429 0.009504857 0.6297461 -93.66109 0 0 0 1
86 0 0.6309454 0.02998612 0.7752475 -9.585846 -0.01147053 0.9995041 -0.0293248 115.9016 -0.7757425 0.009609851 0.6309766 -94.34845 0 0 0 1
86 1 0.6309454 0.02998612 0.7752475 -10.11857 -0.01147053 0.9995041 -0.0293248 115.9016 -0.7757425 0.009609851 0.6309766 -94.34845 0 0 0 1
87 0 0.6322581 0.03051072 0.7741569 -9.544518 -0.01149654 0.9994837 -0.03000192 115.9573 -0.7746726 0.01006883 0.6322824 -94.97151 0 0 0 1
87 1 0.6322581 0.03051072 0.7741569 -10.07724 -0.01149654 0.9994837 -0.03000192 115.9573 -0.7746726 0.01006883 0.6322824 -94.97151 0 0 0 1
88 0 0.6334577 0.03080646 0.7731637 -9.553955 -0.0114744 0.9994712 -0.03042256 116.0005 -0.7736922 0.01039981 0.6334763 -95.65479 0 0 0 1
88 1 0.6334577 0.03080646 0.7731637 -10.08667 -0.0114744 0.9994712 -0.03042256 116.0004 -0.7736922 0.01039981 0.6334763 -95.65479 0 0 0 1
89 0 0.6348455 0.03112216 0.7720121 -9.515335 -0.01142826 0.9994574 -0.03089342 116.0477 -0.7725546 0.01078979 0.6348567 -96.2561 0 0 0 1
89 1 0.6348455 0.03112216 0.7720121 -10.04806 -0.01142826 0.9994574 -0.03089342 116.0477 -0.7725546 0.01078979 0.6348567 -96.2561 0 0 0 1
90 0 0.6360178 0.03138191 0.771036 -9.507702 -0.0113874 0.9994456 -0.03128508 116.0894 -0.7715904 0.01111777 0.6360226 -96.84254 0 0 0 1
90 1 0.6360178 0.03138191 0.771036 -10.04042 -0.0113874 0.9994456 -0.03128508 116.0894 -0.7715904 0.01111777 0.6360226 -96.84254 0 0 0 1
91 0 0.6372452 0.03142197 0.7700202 -9.529831 -0.0116694 0.9994473 -0.03112689 116.0718 -0.7705728 0.01084979 0.6372597 -97.53644 0 0 0 1
91 1 0.6372452 0.03142197 0.7700202 -10.06255 -0.0116694 0.9994473 -0.03112689 116.0719 -0.7705728 0.01084979 0.6372597 -97.53644 0 0 0 1
92 0 0.6386529 0.03113613 0.7688648 -9.541431 -0.01154123 0.9994562 -0.03088756 116.0751 -0.7694084 0.01085279 0.638665 -98.12553 0 0 0 1
92 1 0.6386529 0.03113613 0.7688648 -10.07415 -0.01154123 0.9994562 -0.03088756 116.0751 -0.7694084 0.01085279 0.638665 -98.12553 0 0 0 1
93 0 0.6399144 0.03079829 0.7678288 -9.571499 -0.01131012 0.9994658 -0.03066351 116.0862 -0.7683629 0.01093778 0.6399208 -98.68544 0 0 0 1
93 1 0.6399144 0.03079829 0.7678288 -10.10423 -0.01131012 0.9994658 -0.03066351 116.0862 -0.7683629 0.01093778 0.6399208 -98.68544 0 0 0 1
94 0 0.6413312 0.0302064 0.7666694 -9.613064 -0.01052614 0.9994771 -0.03057362 116.146 -0.767192 0.01153774 0.6413138 -99.23064 0 0 0 1
94 1 0.6413312 0.0302064 0.7666694 -10.14579 -0.01052614 0.9994771 -0.03057362 116.146 -0.767192 0.01153774 0.6413138 -99.23064 0 0 0 1
95 0 0.6428193 0.03022648 0.7654213 -9.554131 -0.01080457 0.9994795 -0.03039549 116.1239 -0.7659416 0.01126876 0.6428114 -99.8084 0 0 0 1
95 1 0.6428193 0.03022648 0.7654213 -10.08686 -0.01080457 0.9994795 -0.03039549 116.1239 -0.7659416 0.01126876 0.6428114 -99.8084 0 0 0 1
96 0 0.6441391 0.03015651 0.7643136 -9.525108 -0.01079964 0.9994815 -0.03033362 116.1297 -0.7648321 0.01128476 0.6441308 -100.3319 0 0 0 1
96 1 0.6441391 0.03015651 0.7643136 -10.05783 -0.01079964 0.9994815 -0.03033362 116.1297 -0.7648321 0.01128476 0.6441308 -100.3319 0 0 0 1
97 0 0.6454767 0.03029733 0.7631789 -9.479588 -0.01070613 0.9994737 -0.030623 116.1678 -0.763705 0.01159574 0.6454613 -100.8528 0 0 0 1
97 1 0.6454767 0.03029733 0.7631789 -10.01231 -0.01070613 0.9994737 -0.030623 116.1678 -0.763705 0.01159574 0.6454613 -100.8528 0 0 0 1
98 0 0.6467488 0.02989947 0.7621168 -9.483685 -0.01036377 0.9994836 -0.03041696 116.1865 -0.7626327 0.01177373 0.6467246 -101.3254 0 0 0 1
98 1 0.6467488 0.02989947 0.7621168 -10.01641 -0.01036377 0.9994836 -0.03041696 116.1865 -0.7626327 0.01177373 0.6467246 -101.3254 0 0 0 1
99 0 0.6480811 0.02954776 0.760998 -9.464825 -0.01042493 0.9994977 -0.02993006 116.1555 -0.7615001 0.01146375 0.6480635 -101.8422 0 0 0 1
99 1 0.6480811 0.02954776 0.760998 -9.997547 -0.01042493 0.9994977 -0.02993006 116.1555 -0.7615001 0.01146375 0.6480635 -101.8422 0 0 0 1
100 0 0.649265 0.02887331 0.760014 -9.50544 -0.01057103 0.9995252 -0.02894184 116.0814 -0.7604888 0.01075679 0.649262 -102.4301 0 0 0 1
100 1 0.649265 0.02887331 0.760014 -10.03816 -0.01057103 0.9995252 -0.02894184 116.0814 -0.7604888 0.01075679 0.649262 -102.4301 0 0 0 1
101 0 0.6504086 0.02771993 0.7590786 -9.588684 -0.01007335 0.9995608 -0.02787058 116.0453 -0.7595177 0.01048081 0.6504022 -102.9054 0 0 0 1
101 1 0.6504086 0.02771993 0.7590786 -10.12141 -0.01007335 0.9995608 -0.02787058 116.0453 -0.7595177 0.01048081 0.6504022 -102.9054 0 0 0 1
102 0 0.6515156 0.02723912 0.758146 -9.592728 -0.009748079 0.9995733 -0.02753621 116.0509 -0.7585726 0.0105498 0.6515031 -103.331 0 0 0 1
102 1 0.6515156 0.02723912 0.758146 -10.12545 -0.009748079 0.9995733 -0.02753621 116.0509 -0.7585726 0.0105498 0.6515031 -103.331 0 0 0 1
103 0 0.6526421 0.0271661 0.7571791 -9.55201 -0.009632934 0.9995738 -0.02755975 116.0686 -0.7576051 0.01069279 0.6526257 -103.7744 0 0 0 1
103 1 0.6526421 0.0271661 0.7571791 -10.08473 -0.009632934 0.9995738 -0.02755975 116.0686 -0.7576051 0.01069279 0.6526257 -103.7744 0 0 0 1
104 0 0.6536666 0.02763283 0.756278 -9.450428 -0.009790909 0.9995583 -0.02805931 116.1014 -0.7567193 0.01093678 0.6536484 -104.1449 0 0 0 1
104 1 0.6536666 0.02763283 0.756278 -9.983147 -0.009790909 0.9995583 -0.02805931 116.1014 -0.7567193 0.01093678 0.6536484 -104.1449 0 0 0 1
105 0 0.6545241 0.02748781 0.7555413 -9.446404 -0.009515966 0.9995592 -0.02812191 116.1333 -0.7559813 0.01121677 0.6544972 -104.5301 0 0 0 1
105 1 0.6545241 0.02748781 0.7555413 -9.979126 -0.009515966 0.9995592 -0.02812191 116.1333 -0.7559813 0.01121677 0.6544972 -104.5301 0 0 0 1
106 0 0.6548957 0.02770565 0.7552112 -9.459003 -0.009520655 0.9995509 -0.02841347 116.1615 -0.7556593 0.01141775 0.6548654 -104.8624 0 0 0 1
106 1 0.6548957 0.02770565 0.7552112 -9.991726 -0.009520655 0.9995509 -0.02841347 116.1615 -0.7556593 0.01141775 0.6548654 -104.8624 0 0 0 1
107 0 0.655028 0.02727069 0.7551124 -9.577877 -0.00888596 0.9995574 -0.02839057 116.2125 -0.7555524 0.01188672 0.6549804 -105.1479 0 0 0 1
107 1 0.655028 0.02727069 0.7551124 -10.1106 -0.00888596 0.9995574 -0.02839057 116.2125 -0.7555524 0.01188672 0.6549804 -105.1479 0 0 0 1
108 0 0.6550277 0.02660491 0.7551363 -9.749905 -0.008276356 0.9995726 -0.02803771 116.237 -0.7555595 0.0121157 0.654968 -105.4734 0 0 0 1
108 1 0.6550277 0.02660491 0.7551363 -10.28263 -0.008276356 0.9995726 -0.02803771 116.237 -0.7555595 0.0121157 0.654968 -105.4734 0 0 0 1
109 0 0.654963 0.02564741 0.7552255 -9.949249 -0.007905551 0.9996017 -0.02709039 116.1972 -0.7556195 0.01177273 0.654905 -105.8145 0 0 0 1
109 1 0.654963 0.02564741 0.7552255 -10.48198 -0.007905551 0.9996017 -0.02709039 116.1972 -0.7556195 0.01177273 0.654905 -105.8145 0 0 0 1
110 0 0.6549096 0.02534268 0.7552823 -10.07377 -0.008092436 0.9996154 -0.02652402 116.1453 -0.755664 0.01125876 0.6548628 -106.1657 0 0 0 1
110 1 0.6549096 0.02534268 0.7552823 -10.60649 -0.008092436 0.9996154 -0.02652402 116.1453 -0.755664 0.01125876 0.6548628 -106.1657 0 0 0 1
111 0 0.6547673 0.0254246 0.7554028 -10.17233 -0.008004279 0.9996113 -0.02670598 116.1716 -0.7557882 0.01143975 0.6547164 -106.451 0 0 0 1
111 1 0.6547673 0.0254246 0.7554028 -10.70504 -0.008004279 0.9996113 -0.02670598 116.1716 -0.7557882 0.01143975 0.6547164 -106.451 0 0 0 1
112 0 0.6547464 0.02606234 0.7553992 -10.1753 -0.008413892 0.9995947 -0.02719465 116.1841 -0.7558018 0.01144975 0.6547003 -106.7118 0 0 0 1
112 1 0.6547464 0.02606234 0.7553992 -10.70803 -0.008413892 0.9995947 -0.02719465 116.1841 -0.7558018 0.01144975 0.6547003 -106.7118 0 0 0 1
113 0 0.6547954 0.02630134 0.7553484 -10.21143 -0.008812703 0.9995921 -0.0271664 116.1571 -0.7557548 0.01113177 0.6547601 -107.0011 0 0 0 1
113 1 0.6547954 0.02630134 0.7553484 -10.74415 -0.008812703 0.9995921 -0.0271664 116.1571 -0.7557548 0.01113177 0.6547601 -107.0011 0 0 0 1
114 0 0.6548086 0.02683907 0.755318 -10.21856 -0.009053723 0.9995762 -0.02766945 116.1833 -0.7557405 0.01127976 0.6547741 -107.2499 0 0 0 1
114 1 0.6548086 0.02683907 0.755318 -10.75127 -0.009053723 0.9995762 -0.02766945 116.1833 -0.7557405 0.01127976 0.6547741 -107.2499 0 0 0 1
115 0 0.6547766 0.02674016 0.7553493 -10.29601 -0.009118519 0.9995807 -0.0274818 116.168 -0.7557675 0.01110677 0.6547459 -107.5007 0 0 0 1
115 1 0.6547766 0.02674016 0.7553493 -10.82873 -0.009118519 0.9995807 -0.0274818 116.168 -0.7557675 0.01110677 0.6547459 -107.5007 0 0 0 1
116 0 0.6548321 0.02702705 0.755291 -10.31956 -0.009338818 0.9995735 -0.02767168 116.1709 -0.7557167 0.01106678 0.6548052 -107.745 0 0 0 1
116 1 0.6548321 0.02702705 0.755291 -10.85228 -0.009338818 0.9995735 -0.02767168 116.1709 -0.7557167 0.01106678 0.6548052 -107.745 0 0 0 1
117 0 0.6549394 0.02694695 0.7552008 -10.36364 -0.008950842 0.9995705 -0.027904 116.2218 -0.7556284 0.01151575 0.6548994 -107.9044 0 0 0 1
117 1 0.6549394 0.02694695 0.7552008 -10.89637 -0.008950842 0.9995705 -0.027904 116.2218 -0.7556284 0.01151575 0.6548994 -107.9044 0 0 0 1
118 0 0.6550922 0.02657713 0.7550814 -10.42847 -0.008773703 0.9995813 -0.0275711 116.2123 -0.7554981 0.01143675 0.6550511 -108.1125 0 0 0 1
118 1 0.6550922 0.02657713 0.7550814 -10.9612 -0.008773703 0.9995813 -0.0275711 116.2123 -0.7554981 0.01143675 0.6550511 -108.1125 0 0 0 1
119 0 0.6551384 0.02565344 0.7550732 -10.57465 -0.007998925 0.9996029 -0.02702102 116.2304 -0.7554665 0.01166274 0.6550834 -108.2878 0 0 0 1
119 1 0.6551384 0.02565344 0.7550732 -11.10737 -0.007998925 0.9996029 -0.02702102 116.2304 -0.7554665 0.01166274 0.6550834 -108.2878 0 0 0 1
120 0 0.655259 0.02578829 0.7549641 -10.57622 -0.007850636 0.9995956 -0.02733066 116.2689 -0.7553635 0.01198171 0.6551965 -108.4238 0 0 0 1
120 1 0.655259 0.02578829 0.7549641 -11.10895 -0.007850636 0.9995956 -0.02733066 116.2689 -0.7553635 0.01198171 0.6551965 -108.4238 0 0 0 1
121 0 0.6554573 0.02621715 0.754777 -10.53231 -0.008223007 0.9995858 -0.02757961 116.2635 -0.7551875 0.01187072 0.6554013 -108.6038 0 0 0 1
121 1 0.6554573 0.02621715 0.754777 -11.06504 -0.008223007 0.9995858 -0.02757961 116.2635 -0.7551875 0.01187072 0.6554013 -108.6037 0 0 0 1
122 0 0.6554023 0.02701782 0.7547966 -10.48436 -0.008762098 0.9995647 -0.02817098 116.2728 -0.7552292 0.01184972 0.6553538 -108.7761 0 0 0 1
122 1 0.6554023 0.02701782 0.7547966 -11.01709 -0.008762098 0.9995647 -0.02817098 116.2728 -0.7552292 0.01184972 0.6553538 -108.7761 0 0 0 1
123 0 0.6555101 0.02748661 0.7546861 -10.44546 -0.009069176 0.9995519 -0.02852756 116.2806 -0.755132 0.01185572 0.6554656 -108.9214 0 0 0 1
123 1 0.6555101 0.02748661 0.7546861 -10.97818 -0.009069176 0.9995519 -0.02852756 116.2806 -0.755132 0.01185572 0.6554656 -108.9214 0 0 0 1
124 0 0.6555653 0.0279135 0.7546224 -10.41486 -0.009553085 0.9995432 -0.02867405 116.258 -0.755078 0.01158874 0.6555325 -109.0868 0 0 0 1
124 1 0.6555653 0.0279135 0.7546224 -10.94758 -0.009553085 0.9995432 -0.02867405 116.258 -0.755078 0.01158874 0.6555325 -109.0868 0 0 0 1
125 0 0.6556774 0.02815331 0.7545161 -10.39671 -0.009538012 0.9995337 -0.02900711 116.2879 -0.7549809 0.01182272 0.6556402 -109.1982 0 0 0 1
125 1 0.6556774 0.02815331 0.7545161 -10.92943 -0.009538012 0.9995337 -0.02900711 116.288 -0.7549809 0.01182272 0.6556402 -109.1982 0 0 0 1
126 0 0.6557583 0.02791834 0.7544545 -10.43446 -0.00919203 0.9995372 -0.02899799 116.3154 -0.7549149 0.01208071 0.6557114 -109.2853 0 0 0 1
126 1 0.6557583 0.02791834 0.7544545 -10.96719 -0.00919203 0.9995372 -0.02899799 116.3154 -0.7549149 0.01208071 0.6557114 -109.2853 0 0 0 1
127 0 0.6556987 0.02838026 0.7544891 -10.40859 -0.009820716 0.9995294 -0.02906268 116.2748 -0.7549588 0.01164674 0.6556687 -109.4416 0 0 0 1
127 1 0.6556987 0.02838026 0.7544891 -10.94131 -0.009820716 0.9995294 -0.02906268 116.2748 -0.7549588 0.01164674 0.6556687 -109.4416 0 0 0 1
128 0 0.6556508 0.02840526 0.7545298 -10.43661 -0.00986474 0.9995291 -0.02905659 116.2729 -0.7549998 0.01160774 0.6556222 -109.559 0 0 0 1
128 1 0.6556508 0.02840526 0.7545298 -10.96933 -0.00986474 0.9995291 -0.02905659 116.2729 -0.7549998 0.01160774 0.6556222 -109.559 0 0 0 1
129 0 0.6557497 0.02844923 0.7544422 -10.43654 -0.009855871 0.9995272 -0.02912456 116.2807 -0.754914 0.01166273 0.65572 -109.6458 0 0 0 1
129 1 0.6557497 0.02844923 0.7544422 -10.96926 -0.009855871 0.9995272 -0.02912456 116.2807 -0.754914 0.01166273 0.65572 -109.6458 0 0 0 1
130 0 0.6556108 0.02811948 0.7545753 -10.51713 -0.009881848 0.9995403 -0.02866236 116.2435 -0.7550343 0.01133476 0.6555873 -109.7794 0 0 0 1
130 1 0.6556108 0.02811948 0.7545753 -11.04985 -0.009881848 0.9995403 -0.02866236 116.2435 -0.7550343 0.01133476 0.6555873 -109.7794 0 0 0 1
131 0 0.6555802 0.02806163 0.754604 -10.54659 -0.01012069 0.9995461 -0.02837775 116.204 -0.7550578 0.01096678 0.6555666 -109.904 0 0 0 1
131 1 0.6555802 0.02806163 0.754604 -11.07932 -0.01012069 0.9995461 -0.02837775 116.204 -0.7550578 0.01096678 0.6555666 -109.904 0 0 0 1
132 0 0.6556267 0.02798075 0.7545667 -10.56973 -0.01027102 0.9995512 -0.02814097 116.1751 -0.7550154 0.0106998 0.6556197 -110.0213 0 0 0 1
132 1 0.6556267 0.02798075 0.7545667 -11.10245 -0.01027102 0.9995512 -0.02814097 116.1751 -0.7550154 0.0106998 0.6556197 -110.0213 0 0 0 1
133 0 0.6555462 0.02840356 0.7546207 -10.55605 -0.01056815 0.9995396 -0.02844154 116.1782 -0.7550811 0.0106698 0.6555445 -110.1163 0 0 0 1
133 1 0.6555462 0.02840356 0.7546207 -11.08878 -0.01056815 0.9995396 -0.02844154 116.1782 -0.7550811 0.0106698 0.6555445 -110.1163 0 0 0 1
134 0 0.6555904 0.02855941 0.7545765 -10.55346 -0.01046513 0.9995322 -0.02873825 116.2115 -0.7550443 0.01094378 0.6555825 -110.1716 0 0 0 1
134 1 0.6555904 0.02855941 0.7545765 -11.08619 -0.01046513 0.9995322 -0.02873825 116.2115 -0.7550443 0.01094378 0.6555825 -110.1716 0 0 0 1
135 0 0.655681 0.02837255 0.7545047 -10.58563 -0.01049397 0.9995396 -0.02846741 116.1891 -0.7549651 0.01074779 0.6556768 -110.2794 0 0 0 1
135 1 0.655681 0.02837255 0.7545047 -11.11836 -0.01049397 0.9995396 -0.02846741 116.1891 -0.7549651 0.01074779 0.6556768 -110.2794 0 0 0 1
136 0 0.6553563 0.02804007 0.7547993 -10.70261 -0.01123144 0.999562 -0.02738105 116.047 -0.7552364 0.009466859 0.6553841 -110.5019 0 0 0 1
136 1 0.6553563 0.02804007 0.7547993 -11.23534 -0.01123144 0.999562 -0.02738105 116.047 -0.7552364 0.009466859 0.6553841 -110.5019 0 0 0 1
137 0 0.6553921 0.02747857 0.7547888 -10.78505 -0.01165459 0.9995869 -0.02627078 115.9264 -0.7551989 0.008420902 0.6554416 -110.6987 0 0 0 1
137 1 0.6553921 0.02747857 0.7547888 -11.31778 -0.01165459 0.9995869 -0.02627078 115.9264 -0.7551989 0.008420902 0.6554416 -110.6987 0 0 0 1
138 0 0.6558663 0.02761049 0.7543721 -10.72419 -0.01168901 0.9995825 -0.0264227 115.9375 -0.7547867 0.008511898 0.6559152 -110.782 0 0 0 1
138 1 0.6558663 0.02761049 0.7543721 -11.25691 -0.01168901 0.9995825 -0.0264227 115.9375 -0.7547867 0.008511898 0.6559152 -110.782 0 0 0 1
139 0 0.6562287 0.02725259 0.7540699 -10.7324 -0.01130507 0.9995905 -0.02628764 115.9572 -0.7544774 0.008725892 0.656268 -110.844 0 0 0 1
139 1 0.6562287 0.02725259 0.7540699 -11.26512 -0.01130507 0.9995905 -0.02628764 115.9572 -0.7544774 0.008725892 0.656268 -110.844 0 0 0 1
140 0 0.6563423 0.02718473 0.7539734 -10.74514 -0.0116614 0.9995968 -0.02588938 115.8989 -0.7543733 0.008199909 0.6563946 -110.9856 0 0 0 1
140 1 0.6563423 0.02718473 0.7539734 -11.27786 -0.0116614 0.9995968 -0.02588938 115.8989 -0.7543733 0.008199909 0.6563946 -110.9856 0 0 0 1
141 0 0.6566523 0.02719176 0.7537031 -10.71997 -0.01177323 0.9995977 -0.02580579 115.8848 -0.7541015 0.008071913 0.6567083 -111.0873 0 0 0 1
141 1 0.6566523 0.02719176 0.7537031 -11.25269 -0.01177323 0.9995977 -0.02580579 115.8848 -0.7541015 0.008071913 0.6567083 -111.0873 0 0 0 1
142 0 0.6569407 0.02748357 0.7534412 -10.66697 -0.01172161 0.9995869 -0.02624201 115.9255 -0.7538511 0.008407901 0.6569915 -111.1425 0 0 0 1
142 1 0.6569407 0.02748357 0.7534412 -11.1997 -0.01172161 0.9995869 -0.02624201 115.9255 -0.7538511 0.008407901 0.6569915 -111.1425 0 0 0 1
143 0 0.6572027 0.02759454 0.7532087 -10.63748 -0.01187235 0.9995846 -0.0262617 115.9168 -0.7536204 0.008316903 0.6572573 -111.2355 0 0 0 1
