frame cameraID r1,1 r1,2 r1,3 t1 r2,1 r2,2 r2,3 t2 r3,1 r3,2 r3,3 t3 0 0 0 1
0 0 -0.7109104 0.0721791 -0.699569 8.349663 0.05034573 0.9973904 0.05174536 112.342 0.7014784 0.001565998 -0.7126892 -0.9454051 0 0 0 1
0 1 -0.7109104 0.0721791 -0.699569 7.816938 0.05034573 0.9973904 0.05174536 112.342 0.7014784 0.001565998 -0.7126892 -0.9454051 0 0 0 1
1 0 -0.7106959 0.07307381 -0.6996941 9.028496 0.05215969 0.9973266 0.05117777 112.2902 0.7015632 -0.0001239982 -0.7126074 -2.156939 0 0 0 1
1 1 -0.7106959 0.07307381 -0.6996941 8.495771 0.05215969 0.9973266 0.05117777 112.2902 0.7015632 -0.0001239982 -0.7126074 -2.15694 0 0 0 1
2 0 -0.7110316 0.06971319 -0.6996958 9.18478 0.04791224 0.9975639 0.05070239 112.2903 0.7015259 0.002526997 -0.7126395 -2.78917 0 0 0 1
2 1 -0.7110316 0.06971319 -0.6996958 8.652056 0.04791224 0.9975639 0.05070239 112.2903 0.7015259 0.002526997 -0.7126395 -2.78917 0 0 0 1
3 0 -0.7111508 0.06922305 -0.6996235 9.660196 0.04465003 0.9975789 0.05331805 112.2749 0.7016205 0.006678952 -0.7125198 -3.253934 0 0 0 1
3 1 -0.7111508 0.06922305 -0.6996235 9.127472 0.04465003 0.9975789 0.05331805 112.2749 0.7016205 0.006678952 -0.7125198 -3.253934 0 0 0 1
4 0 -0.7110249 0.06872611 -0.6998003 10.18408 0.04277701 0.9975966 0.054509 112.2555 0.7018645 0.008821884 -0.7122558 -4.03889 0 0 0 1
4 1 -0.7110249 0.06872611 -0.6998003 9.651356 0.04277701 0.9975966 0.054509 112.2555 0.7018645 0.008821884 -0.7122558 -4.03889 0 0 0 1
5 0 -0.7108917 0.06907685 -0.6999012 10.74905 0.04256036 0.9975664 0.05522629 112.227 0.7020127 0.009471862 -0.7121016 -4.895506 0 0 0 1
5 1 -0.7108917 0.06907685 -0.6999012 10.21633 0.04256036 0.9975664 0.05522629 112.227 0.7020127 0.009471862 -0.7121016 -4.895506 0 0 0 1
6 0 -0.7106366 0.07004398 -0.7000641 11.43358 0.04380623 0.9975063 0.05533639 112.1809 0.7021944 0.008656891 -0.7119329 -6.00803 0 0 0 1
6 1 -0.7106366 0.07004398 -0.7000641 10.90086 0.04380623 0.9975063 0.05533639 112.1809 0.7021944 0.008656891 -0.7119329 -6.008031 0 0 0 1
7 0 -0.7104944 0.06970146 -0.7002424 11.9255 0.04434753 0.9975395 0.05429733 112.1479 0.7023041 0.007523928 -0.7118374 -7.06275 0 0 0 1
7 1 -0.7104944 0.06970146 -0.7002424 11.39278 0.04434753 0.9975395 0.05429733 112.1479 0.7023041 0.007523928 -0.7118374 -7.06275 0 0 0 1
8 0 -0.7104344 0.06916812 -0.7003562 12.40783 0.0444625 0.9975818 0.05342019 112.1179 0.7023575 0.006811948 -0.7117918 -8.070708 0 0 0 1
8 1 -0.7104344 0.06916812 -0.7003562 11.8751 0.0444625 0.9975818 0.05342019 112.1179 0.7023575 0.006811948 -0.7117918 -8.070708 0 0 0 1
9 0 -0.7103181 0.0680699 -0.7005818 12.88133 0.04391024 0.9976596 0.05241409 112.0946 0.70251 0.006467957 -0.7116445 -9.129396 0 0 0 1
9 1 -0.7103181 0.0680699 -0.7005818 12.3486 0.04391024 0.9976596 0.05241409 112.0946 0.70251 0.006467957 -0.7116445 -9.129396 0 0 0 1
10 0 -0.7102925 0.06742696 -0.7006699 13.33914 0.04278585 0.9976967 0.05263704 112.0825 0.7026052 0.007408932 -0.7115414 -9.953447 0 0 0 1
10 1 -0.7102925 0.06742696 -0.7006699 12.80641 0.04278585 0.9976967 0.05263704 112.0825 0.7026052 0.007408932 -0.7115414 -9.953448 0 0 0 1
11 0 -0.7103376 0.06772285 -0.7005956 13.88363 0.04244879 0.9976705 0.05340045 112.0594 0.70258 0.008192908 -0.7115577 -10.80812 0 0 0 1
11 1 -0.7103376 0.06772285 -0.7005956 13.35091 0.04244879 0.9976705 0.05340045 112.0593 0.70258 0.008192908 -0.7115577 -10.80812 0 0 0 1
12 0 -0.7103857 0.06599703 -0.7007115 14.25497 0.04156395 0.9977901 0.05183982 112.0484 0.7025843 0.007701926 -0.7115589 -11.884 0 0 0 1
12 1 -0.7103857 0.06599703 -0.7007115 13.72224 0.04156395 0.9977901 0.05183982 112.0484 0.7025843 0.007701926 -0.7115589 -11.884 0 0 0 1
13 0 -0.710386 0.06695717 -0.70062 14.87049 0.04265896 0.9977304 0.05209795 112.0002 0.7025182 0.007121941 -0.7116301 -12.87895 0 0 0 1
13 1 -0.710386 0.06695717 -0.70062 14.33776 0.04265896 0.9977304 0.05209795 112.0002 0.7025182 0.007121941 -0.7116301 -12.87895 0 0 0 1
14 0 -0.7103183 0.0666533 -0.7007177 15.34538 0.04168174 0.9977425 0.05265392 111.9921 0.7026454 0.00819391 -0.7114931 -13.68247 0 0 0 1
14 1 -0.7103183 0.0666533 -0.7007177 14.81266 0.04168174 0.9977425 0.05265392 111.9921 0.7026454 0.00819391 -0.7114931 -13.68247 0 0 0 1
15 0 -0.7102873 0.06642501 -0.7007709 15.87839 0.04054781 0.9977455 0.05347636 111.9869 0.7027432 0.009568853 -0.7113794 -14.53916 0 0 0 1
15 1 -0.7102873 0.06642501 -0.7007709 15.34567 0.04054781 0.9977455 0.05347636 111.9869 0.7027432 0.009568853 -0.7113794 -14.53916 0 0 0 1
16 0 -0.7101698 0.06667415 -0.7008661 16.41114 0.0404063 0.9977246 0.05397194 111.9648 0.7028699 0.01000983 -0.7112479 -15.40356 0 0 0 1
16 1 -0.7101698 0.06667415 -0.7008661 15.87841 0.0404063 0.9977246 0.05397194 111.9648 0.7028699 0.01000983 -0.7112479 -15.40356 0 0 0 1
17 0 -0.7099828 0.06953394 -0.7007778 17.23361 0.0420369 0.9975235 0.05638916 111.9007 0.7029633 0.0105768 -0.7111474 -16.25203 0 0 0 1
17 1 -0.7099828 0.06953394 -0.7007778 16.70089 0.0420369 0.9975235 0.05638916 111.9007 0.7029633 0.0105768 -0.7111474 -16.25203 0 0 0 1
18 0 -0.7099222 0.06850009 -0.7009412 17.66719 0.04191859 0.9976041 0.05503607 111.8759 0.7030318 0.009688849 -0.7110927 -17.34893 0 0 0 1
18 1 -0.7099222 0.06850009 -0.7009412 17.13446 0.04191859 0.9976041 0.05503607 111.8759 0.7030318 0.009688849 -0.7110927 -17.34893 0 0 0 1
19 0 -0.7098527 0.0675002 -0.7011085 18.0541 0.04342523 0.9976979 0.05208793 111.8102 0.7030104 0.006528955 -0.7111498 -18.60284 0 0 0 1
19 1 -0.7098527 0.0675002 -0.7011085 17.52138 0.04342523 0.9976979 0.05208793 111.8102 0.7030104 0.006528955 -0.7111498 -18.60284 0 0 0 1
20 0 -0.7094995 0.06908594 -0.7013116 18.72166 0.04535678 0.9975963 0.05238653 111.7304 0.703245 0.005358974 -0.7109276 -19.63358 0 0 0 1
20 1 -0.7094995 0.06908594 -0.7013116 18.18893 0.04535678 0.9975963 0.05238653 111.7304 0.703245 0.005358974 -0.7109276 -19.63358 0 0 0 1
21 0 -0.7098322 0.06548552 -0.7013205 18.87797 0.0416945 0.9978294 0.05097142 111.7983 0.703136 0.006939944 -0.7110218 -20.4354 0 0 0 1
21 1 -0.7098322 0.06548552 -0.7013205 18.34525 0.0416945 0.9978294 0.05097142 111.7983 0.703136 0.006939944 -0.7110218 -20.4354 0 0 0 1
22 0 -0.7101442 0.06289297 -0.7012415 19.09454 0.03848696 0.9979807 0.05053134 111.8627 0.7030035 0.008895885 -0.7111307 -21.10618 0 0 0 1
22 1 -0.7101442 0.06289297 -0.7012415 18.56181 0.03848696 0.9979807 0.05053134 111.8627 0.7030035 0.008895885 -0.7111307 -21.10618 0 0 0 1
23 0 -0.7101914 0.0611671 -0.7013465 19.3993 0.03691597 0.9980835 0.04966513 111.8837 0.7030402 0.009380862 -0.7110883 -21.94148 0 0 0 1
23 1 -0.7101914 0.0611671 -0.7013465 18.86658 0.03691597 0.9980835 0.04966513 111.8837 0.7030402 0.009380862 -0.7110883 -21.94148 0 0 0 1
24 0 -0.710405 0.0590894 -0.7013081 19.7195 0.03477746 0.9981992 0.04887568 111.922 0.7029333 0.01033182 -0.7111808 -22.8104 0 0 0 1
24 1 -0.710405 0.0590894 -0.7013081 19.18678 0.03477746 0.9981992 0.04887568 111.922 0.7029333 0.01033182 -0.7111808 -22.8104 0 0 0 1
25 0 -0.7102753 0.05745299 -0.7015755 19.99872 0.03450237 0.9983072 0.04682254 111.9065 0.703078 0.009050876 -0.7110552 -23.8731 0 0 0 1
25 1 -0.7102753 0.05745299 -0.7015755 19.46599 0.03450237 0.9983072 0.04682254 111.9065 0.703078 0.009050876 -0.7110552 -23.8731 0 0 0 1
26 0 -0.7098241 0.05487219 -0.7022385 20.193 0.0342707 0.9984707 0.04337858 111.8814 0.7035449 0.006724948 -0.7106191 -25.03743 0 0 0 1
26 1 -0.7098241 0.05487219 -0.7022385 19.66028 0.0342707 0.9984707 0.04337858 111.8814 0.7035449 0.006724948 -0.7106191 -25.03743 0 0 0 1
27 0 -0.7095418 0.05264487 -0.7026942 20.48217 0.03355346 0.9985983 0.04093318 111.8716 0.7038643 0.005465971 -0.7103137 -26.17157 0 0 0 1
27 1 -0.7095418 0.05264487 -0.7026942 19.94944 0.03355346 0.9985983 0.04093318 111.8716 0.7038643 0.005465971 -0.7103137 -26.17158 0 0 0 1
28 0 -0.7093329 0.04939844 -0.7031405 20.61219 0.02968538 0.9987498 0.04021936 111.9772 0.7042482 0.007655924 -0.7099125 -26.8306 0 0 0 1
28 1 -0.7093329 0.04939844 -0.7031405 20.07946 0.02968538 0.9987498 0.04021936 111.9772 0.7042482 0.007655924 -0.7099125 -26.8306 0 0 0 1
29 0 -0.7092576 0.04757879 -0.703342 20.88664 0.02693815 0.9988203 0.04040221 112.0559 0.7044345 0.009708848 -0.7097025 -27.54509 0 0 0 1
29 1 -0.7092576 0.04757879 -0.703342 20.35392 0.02693815 0.9988203 0.04040221 112.0559 0.7044345 0.009708848 -0.7097025 -27.54509 0 0 0 1
30 0 -0.7086803 0.04529441 -0.7040746 21.17123 0.02535078 0.9989275 0.03874624 112.0858 0.7050744 0.00960985 -0.7090684 -28.56254 0 0 0 1
30 1 -0.7086803 0.04529441 -0.7040746 20.6385 0.02535078 0.9989275 0.03874624 112.0858 0.7050744 0.00960985 -0.7090684 -28.56254 0 0 0 1
31 0 -0.7080753 0.04552355 -0.7046679 21.68602 0.02615132 0.9989257 0.03825567 112.0393 0.7056525 0.008659893 -0.7085052 -29.58053 0 0 0 1
31 1 -0.7080753 0.04552355 -0.7046679 21.15329 0.02615132 0.9989257 0.03825567 112.0393 0.7056525 0.008659893 -0.7085052 -29.58053 0 0 0 1
32 0 -0.707257 0.04561049 -0.7054839 22.22016 0.02622586 0.9989225 0.03828993 112.0198 0.7064701 0.008578897 -0.7076911 -30.60282 0 0 0 1
32 1 -0.707257 0.04561049 -0.7054839 21.68743 0.02622586 0.9989225 0.03828993 112.0198 0.7064701 0.008578897 -0.7076911 -30.60282 0 0 0 1
33 0 -0.7067431 0.04587496 -0.7059814 22.72443 0.02595021 0.9989049 0.03893103 112.0197 0.7069942 0.009193871 -0.7071596 -31.48383 0 0 0 1
33 1 -0.7067431 0.04587496 -0.7059814 22.1917 0.02595021 0.9989049 0.03893103 112.0197 0.7069942 0.009193871 -0.7071596 -31.48383 0 0 0 1
34 0 -0.7063181 0.04590789 -0.7064043 23.21254 0.02589984 0.9989027 0.03902013 112.0076 0.7074206 0.009264866 -0.7067322 -32.41702 0 0 0 1
34 1 -0.7063181 0.04590789 -0.7064043 22.67982 0.02589984 0.9989027 0.03902013 112.0076 0.7074206 0.009264866 -0.7067322 -32.41702 0 0 0 1
35 0 -0.7065722 0.04519964 -0.7061959 23.70098 0.02538288 0.9989346 0.0385398 112.0092 0.7071856 0.009305866 -0.7069666 -33.43547 0 0 0 1
35 1 -0.7065722 0.04519964 -0.7061959 23.16826 0.02538288 0.9989346 0.0385398 112.0092 0.7071856 0.009305866 -0.7069666 -33.43547 0 0 0 1
36 0 -0.7075011 0.04427914 -0.7053238 24.14933 0.02403877 0.9989656 0.03860055 112.051 0.7063033 0.01035481 -0.7078336 -34.22678 0 0 0 1
36 1 -0.7075011 0.04427914 -0.7053238 23.61661 0.02403877 0.9989656 0.03860055 112.051 0.7063033 0.01035481 -0.7078336 -34.22678 0 0 0 1
37 0 -0.7088264 0.04377093 -0.7040236 24.66631 0.02268166 0.9989711 0.03927216 112.1006 0.7050182 0.01186872 -0.70909 -34.95626 0 0 0 1
37 1 -0.7088264 0.04377093 -0.7040236 24.13359 0.02268166 0.9989711 0.03927216 112.1006 0.7050182 0.01186872 -0.70909 -34.95626 0 0 0 1
38 0 -0.7105361 0.04288583 -0.7023528 25.21252 0.02215982 0.9990097 0.03858176 112.1056 0.7033118 0.01184972 -0.7107828 -35.93894 0 0 0 1
38 1 -0.7105361 0.04288583 -0.7023528 24.6798 0.02215982 0.9990097 0.03858176 112.1056 0.7033118 0.01184972 -0.7107828 -35.93894 0 0 0 1
39 0 -0.7122864 0.04345677 -0.7005426 25.87666 0.02338494 0.9989967 0.03819382 112.0376 0.7014995 0.01082279 -0.712588 -36.92909 0 0 0 1
39 1 -0.7122864 0.04345677 -0.7005426 25.34394 0.02338494 0.9989967 0.03819382 112.0376 0.7014995 0.01082279 -0.712588 -36.92909 0 0 0 1
40 0 -0.7138536 0.04538906 -0.6988226 26.69505 0.02532392 0.9989178 0.03901186 111.9441 0.699837 0.01015183 -0.7142305 -37.88766 0 0 0 1
40 1 -0.7138536 0.04538906 -0.6988226 26.16233 0.02532392 0.9989178 0.03901186 111.9441 0.699837 0.01015183 -0.7142305 -37.88766 0 0 0 1
41 0 -0.7157378 0.04633967 -0.6968301 27.48327 0.02562194 0.9988668 0.04010816 111.9242 0.697899 0.01085279 -0.716114 -38.78697 0 0 0 1
41 1 -0.7157378 0.04633967 -0.6968301 26.95054 0.02562194 0.9988668 0.04010816 111.9242 0.697899 0.01085279 -0.716114 -38.78697 0 0 0 1
42 0 -0.7174284 0.04781533 -0.6949894 28.24047 0.02599743 0.9987844 0.04187965 111.9096 0.696147 0.01197771 -0.7177994 -39.56012 0 0 0 1
42 1 -0.7174284 0.04781533 -0.6949894 27.70775 0.02599743 0.9987844 0.04187965 111.9095 0.696147 0.01197771 -0.7177994 -39.56012 0 0 0 1
43 0 -0.719009 0.04889699 -0.6932785 28.95778 0.02687873 0.9987321 0.04256435 111.8603 0.6944807 0.01196971 -0.7194117 -40.46673 0 0 0 1
43 1 -0.719009 0.04889699 -0.6932785 28.42505 0.02687873 0.9987321 0.04256435 111.8603 0.6944807 0.01196971 -0.7194117 -40.46673 0 0 0 1
44 0 -0.7206587 0.04886167 -0.6915663 29.60961 0.02775488 0.998747 0.04164266 111.7933 0.6927346 0.01081579 -0.7211118 -41.60398 0 0 0 1
44 1 -0.7206587 0.04886167 -0.6915663 29.07689 0.02775488 0.998747 0.04164266 111.7933 0.6927346 0.01081579 -0.7211118 -41.60398 0 0 0 1
45 0 -0.7218969 0.05137765 -0.6900909 30.48568 0.03001742 0.9986263 0.04294737 111.6753 0.6913495 0.01028882 -0.7224474 -42.58717 0 0 0 1
45 1 -0.7218969 0.05137765 -0.6900909 29.95295 0.03001742 0.9986263 0.04294737 111.6753 0.6913495 0.01028882 -0.7224474 -42.58717 0 0 0 1
46 0 -0.722827 0.05159622 -0.6891003 31.0839 0.03008048 0.9986127 0.0432182 111.6583 0.6903741 0.01051081 -0.7233763 -43.50117 0 0 0 1
46 1 -0.722827 0.05159622 -0.6891003 30.55118 0.03008048 0.9986127 0.0432182 111.6583 0.6903741 0.01051081 -0.7233763 -43.50116 0 0 0 1
47 0 -0.7239608 0.05584427 -0.6875771 32.20383 0.03259651 0.9983739 0.04676547 111.5414 0.6890707 0.01144375 -0.7246039 -44.42525 0 0 0 1
47 1 -0.7239608 0.05584427 -0.6875771 31.6711 0.03259651 0.9983739 0.04676547 111.5414 0.6890707 0.01144375 -0.7246039 -44.42525 0 0 0 1
48 0 -0.7244873 0.05750805 -0.6868849 32.9502 0.03445797 0.9982893 0.04723543 111.4256 0.6884263 0.0105528 -0.7252295 -45.47788 0 0 0 1
48 1 -0.7244873 0.05750805 -0.6868849 32.41748 0.03445797 0.9982893 0.04723543 111.4256 0.6884263 0.0105528 -0.7252295 -45.47788 0 0 0 1
49 0 -0.7247201 0.05832491 -0.6865703 33.58453 0.03836767 0.998281 0.04430547 111.1532 0.6879743 0.005766969 -0.7257122 -46.97385 0 0 0 1
49 1 -0.7247201 0.05832491 -0.6865703 33.0518 0.03836767 0.998281 0.04430547 111.1532 0.6879743 0.005766969 -0.7257122 -46.97385 0 0 0 1
50 0 -0.7251344 0.05911635 -0.6860654 34.28981 0.04127479 0.9982482 0.04239104 110.9345 0.6873695 0.002421996 -0.7263041 -48.39065 0 0 0 1
50 1 -0.7251344 0.05911635 -0.6860654 33.75709 0.04127479 0.9982482 0.04239104 110.9345 0.6873695 0.002421996 -0.7263041 -48.39065 0 0 0 1
51 0 -0.7259876 0.05669304 -0.685367 34.61057 0.03819558 0.9983819 0.04212603 111.0839 0.6866463 0.004404984 -0.7269783 -49.10759 0 0 0 1
51 1 -0.7259876 0.05669304 -0.685367 34.07784 0.03819558 0.9983819 0.04212603 111.0839 0.6866463 0.004404984 -0.7269783 -49.10759 0 0 0 1
52 0 -0.7267767 0.05522017 -0.6846505 35.0401 0.03477445 0.998443 0.04361486 111.2801 0.6859929 0.007889919 -0.7275654 -49.65572 0 0 0 1
52 1 -0.7267767 0.05522017 -0.6846505 34.50737 0.03477445 0.998443 0.04361486 111.2801 0.6859929 0.007889919 -0.7275654 -49.65572 0 0 0 1
53 0 -0.726819 0.05568621 -0.6845679 35.70536 0.03476501 0.998413 0.04430526 111.2639 0.6859487 0.008402903 -0.7276014 -50.646 0 0 0 1
53 1 -0.726819 0.05568621 -0.6845679 35.17263 0.03476501 0.998413 0.04430526 111.2639 0.6859487 0.008402903 -0.7276014 -50.646 0 0 0 1
54 0 -0.7265949 0.05690051 -0.684706 36.38029 0.03604183 0.9983492 0.04471814 111.1673 0.6861202 0.007813921 -0.7274463 -51.67735 0 0 0 1
54 1 -0.7265949 0.05690051 -0.684706 35.84756 0.03604183 0.9983492 0.04471814 111.1673 0.6861202 0.007813921 -0.7274463 -51.67735 0 0 0 1
55 0 -0.7259992 0.059027 -0.6851575 37.19112 0.03775753 0.9982281 0.04599011 111.0483 0.6866581 0.007518932 -0.7269415 -52.7764 0 0 0 1
55 1 -0.7259992 0.059027 -0.6851575 36.6584 0.03775753 0.9982281 0.04599011 111.0483 0.6866581 0.007518932 -0.7269415 -52.7764 0 0 0 1
56 0 -0.7251858 0.05988229 -0.6859446 37.77471 0.03807579 0.9981743 0.04688565 111.0142 0.6874999 0.007882917 -0.7261419 -53.72836 0 0 0 1
56 1 -0.7251858 0.05988229 -0.6859446 37.24199 0.03807579 0.9981743 0.04688565 111.0142 0.6874999 0.007882917 -0.7261419 -53.72836 0 0 0 1
57 0 -0.7240669 0.06104574 -0.687023 38.36689 0.03832205 0.9980975 0.04829806 110.9914 0.6886644 0.008642893 -0.7250288 -54.65314 0 0 0 1
57 1 -0.7240669 0.06104574 -0.687023 37.83417 0.03832205 0.9980975 0.04829806 110.9914 0.6886644 0.008642893 -0.7250288 -54.65314 0 0 0 1
58 0 -0.7229104 0.05940312 -0.6883836 38.63632 0.037523 0.9982024 0.04673351 110.9978 0.6899222 0.007953918 -0.7238399 -55.74597 0 0 0 1
58 1 -0.7229104 0.05940312 -0.6883836 38.1036 0.037523 0.9982024 0.04673351 110.9978 0.6899222 0.007953918 -0.7238399 -55.74597 0 0 0 1
59 0 -0.7216914 0.05857592 -0.6897321 39.03561 0.03735461 0.9982569 0.04569212 110.9676 0.6912063 0.007210936 -0.7226214 -56.95096 0 0 0 1
59 1 -0.7216914 0.05857592 -0.6897321 38.50288 0.03735461 0.9982569 0.04569212 110.9676 0.6912063 0.007210936 -0.7226214 -56.95096 0 0 0 1
60 0 -0.72084 0.05629508 -0.6908116 39.24754 0.03459276 0.998376 0.04526243 111.1256 0.6922379 0.008729888 -0.7216166 -57.79349 0 0 0 1
60 1 -0.72084 0.05629508 -0.6908116 38.71481 0.03459276 0.998376 0.04526243 111.1256 0.6922379 0.008729888 -0.7216166 -57.79349 0 0 0 1
61 0 -0.7199047 0.05367317 -0.6919945 39.41161 0.0313342 0.9985023 0.04484884 111.3228 0.6933653 0.0106038 -0.7205083 -58.5997 0 0 0 1
61 1 -0.7199047 0.05367317 -0.6919945 38.87888 0.0313342 0.9985023 0.04484884 111.3228 0.6933653 0.0106038 -0.7205083 -58.5997 0 0 0 1
62 0 -0.7186382 0.05074851 -0.6935299 39.57886 0.02937551 0.9986587 0.04263706 111.4045 0.6947635 0.01026782 -0.7191651 -59.7646 0 0 0 1
62 1 -0.7186382 0.05074851 -0.6935299 39.04613 0.02937551 0.9986587 0.04263706 111.4045 0.6947635 0.01026782 -0.7191651 -59.76461 0 0 0 1
63 0 -0.7173259 0.04806288 -0.6950781 39.70544 0.02884033 0.9988111 0.0393018 111.3713 0.6961407 0.008145912 -0.7178593 -61.04006 0 0 0 1
63 1 -0.7173259 0.04806288 -0.6950781 39.17271 0.02884033 0.9988111 0.0393018 111.3713 0.6961407 0.008145912 -0.7178593 -61.04006 0 0 0 1
64 0 -0.7160985 0.04634637 -0.6964592 39.94775 0.02859121 0.9989034 0.0370753 111.3338 0.6974137 0.006636952 -0.7166384 -62.24353 0 0 0 1
64 1 -0.7160985 0.04634637 -0.6964592 39.41502 0.02859121 0.9989034 0.0370753 111.3338 0.6974137 0.006636952 -0.7166384 -62.24353 0 0 0 1
65 0 -0.7148051 0.0444275 -0.6979111 40.21707 0.02740254 0.9989929 0.03552786 111.3731 0.6987867 0.006270959 -0.7153027 -63.42393 0 0 0 1
65 1 -0.7148051 0.0444275 -0.6979111 39.68434 0.02740254 0.9989929 0.03552786 111.3731 0.6987867 0.006270959 -0.7153027 -63.42393 0 0 0 1
66 0 -0.7134945 0.04273746 -0.6993564 40.45454 0.02704391 0.999074 0.0334625 111.3448 0.7001389 0.004961979 -0.7139896 -64.61359 0 0 0 1
66 1 -0.7134945 0.04273746 -0.6993564 39.92182 0.02704391 0.999074 0.0334625 111.3448 0.7001389 0.004961979 -0.7139896 -64.61359 0 0 0 1
67 0 -0.7124317 0.04255079 -0.7004502 40.88613 0.02744927 0.9990858 0.03277344 111.283 0.7012045 0.004121987 -0.7129484 -65.73688 0 0 0 1
67 1 -0.7124317 0.04255079 -0.7004502 40.3534 0.02744927 0.9990858 0.03277344 111.283 0.7012045 0.004121987 -0.7129484 -65.73688 0 0 0 1
68 0 -0.7113008 0.04214893 -0.7016227 41.34074 0.0263027 0.9990975 0.03335375 111.3597 0.7023953 0.005269974 -0.7117676 -66.73476 0 0 0 1
68 1 -0.7113008 0.04214893 -0.7016227 40.80801 0.0263027 0.9990975 0.03335375 111.3597 0.7023953 0.005269974 -0.7117676 -66.73476 0 0 0 1
69 0 -0.7103297 0.04159786 -0.7026391 41.74607 0.02437152 0.9991071 0.03451119 111.512 0.7034473 0.007389937 -0.7107092 -67.51546 0 0 0 1
69 1 -0.7103297 0.04159786 -0.7026391 41.21334 0.02437152 0.9991071 0.03451119 111.512 0.7034473 0.007389937 -0.7107092 -67.51546 0 0 0 1
70 0 -0.7092944 0.04161951 -0.7036827 42.20609 0.02361687 0.9990981 0.03528673 111.5695 0.7045166 0.0084099 -0.7096376 -68.42398 0 0 0 1
70 1 -0.7092944 0.04161951 -0.7036827 41.67336 0.02361687 0.9990981 0.03528673 111.5695 0.7045166 0.0084099 -0.7096376 -68.42398 0 0 0 1
71 0 -0.7080839 0.04114783 -0.7049284 42.6503 0.02304123 0.9991155 0.03517564 111.5962 0.7057523 0.008664893 -0.7084057 -69.52402 0 0 0 1
71 1 -0.7080839 0.04114783 -0.7049284 42.11758 0.02304123 0.9991155 0.03517564 111.5962 0.7057523 0.008664893 -0.7084057 -69.52402 0 0 0 1
72 0 -0.7071537 0.04139372 -0.7058471 43.14286 0.0233693 0.9991078 0.03517914 111.5553 0.7066735 0.008381902 -0.7074901 -70.57793 0 0 0 1
72 1 -0.7071537 0.04139372 -0.7058471 42.61014 0.0233693 0.9991078 0.03517914 111.5553 0.7066735 0.008381902 -0.7074901 -70.57793 0 0 0 1
73 0 -0.7059295 0.04136332 -0.7070733 43.6347 0.02247838 0.9990988 0.03600461 111.6274 0.7079253 0.009522856 -0.706223 -71.58638 0 0 0 1
73 1 -0.7059295 0.04136332 -0.7070733 43.10197 0.02247838 0.9990988 0.03600461 111.6274 0.7079253 0.009522856 -0.706223 -71.58638 0 0 0 1
74 0 -0.7048527 0.04227049 -0.7080933 44.18523 0.02148355 0.9990371 0.03825351 111.7403 0.7090285 0.01175073 -0.7050822 -72.37448 0 0 0 1
74 1 -0.7048527 0.04227049 -0.7080933 43.6525 0.02148355 0.9990371 0.03825351 111.7403 0.7090285 0.01175073 -0.7050822 -72.37448 0 0 0 1
75 0 -0.7035717 0.04425468 -0.709245 44.8303 0.02177477 0.9989329 0.04072971 111.7533 0.7102907 0.01321262 -0.7037846 -73.26212 0 0 0 1
75 1 -0.7035717 0.04425468 -0.709245 44.29757 0.02177477 0.9989329 0.04072971 111.7533 0.7102907 0.01321262 -0.7037846 -73.26212 0 0 0 1
76 0 -0.7020496 0.04557296 -0.7106684 45.42157 0.02230425 0.9988678 0.04202054 111.7218 0.7117788 0.01364958 -0.7022711 -74.38014 0 0 0 1
76 1 -0.7020496 0.04557296 -0.7106684 44.88885 0.02230425 0.9988678 0.04202054 111.7218 0.7117788 0.01364958 -0.7022711 -74.38014 0 0 0 1
77 0 -0.7006799 0.04630363 -0.7119716 45.90724 0.02332649 0.9988451 0.04200413 111.6219 0.7130944 0.01282365 -0.7009507 -75.53465 0 0 0 1
77 1 -0.7006799 0.04630363 -0.7119716 45.37452 0.02332649 0.9988451 0.04200413 111.6219 0.7130944 0.01282365 -0.7009507 -75.53465 0 0 0 1
78 0 -0.6994092 0.04560427 -0.713265 46.23651 0.0238507 0.9988956 0.04047935 111.532 0.7143233 0.01129976 -0.6997246 -76.76748 0 0 0 1
78 1 -0.6994092 0.04560427 -0.713265 45.70379 0.0238507 0.9988956 0.04047935 111.532 0.7143233 0.01129976 -0.6997246 -76.76749 0 0 0 1
79 0 -0.6980612 0.04551671 -0.7145899 46.68098 0.02420221 0.9989071 0.03998424 111.4753 0.7156289 0.0106168 -0.6983999 -78.01572 0 0 0 1
79 1 -0.6980612 0.04551671 -0.7145899 46.14825 0.02420221 0.9989071 0.03998424 111.4753 0.7156289 0.0106168 -0.6983999 -78.01572 0 0 0 1
80 0 -0.6971838 0.04450953 -0.7155094 47.01443 0.0230759 0.9989469 0.03965639 111.5548 0.716521 0.01113677 -0.6974767 -79.00945 0 0 0 1
80 1 -0.6971838 0.04450953 -0.7155094 46.4817 0.0230759 0.9989469 0.03965639 111.5548 0.716521 0.01113677 -0.6974767 -79.00946 0 0 0 1
81 0 -0.6967428 0.04361572 -0.715994 47.41069 0.0228324 0.9989924 0.03863645 111.5413 0.7169578 0.0105718 -0.6970365 -80.09644 0 0 0 1
81 1 -0.6967428 0.04361572 -0.715994 46.87797 0.0228324 0.9989924 0.03863645 111.5413 0.7169578 0.0105718 -0.6970365 -80.09644 0 0 0 1
82 0 -0.6965399 0.04445802 -0.7161394 48.08412 0.0236826 0.9989592 0.03898107 111.4563 0.7171272 0.01019182 -0.6968678 -81.24691 0 0 0 1
82 1 -0.6965399 0.04445802 -0.7161394 47.5514 0.0236826 0.9989592 0.03898107 111.4563 0.7171272 0.01019182 -0.6968678 -81.24691 0 0 0 1
83 0 -0.6963942 0.04612778 -0.7161756 48.80584 0.02418328 0.9988738 0.04082063 111.4366 0.717252 0.01110777 -0.6967255 -82.13945 0 0 0 1
83 1 -0.6963942 0.04612778 -0.7161756 48.27311 0.02418328 0.9988738 0.04082063 111.4366 0.717252 0.01110777 -0.6967255 -82.13945 0 0 0 1
84 0 -0.696476 0.04883219 -0.7159168 49.66994 0.02559739 0.9987376 0.04322091 111.3431 0.7171236 0.01177673 -0.6968467 -83.04366 0 0 0 1
84 1 -0.696476 0.04883219 -0.7159168 49.13722 0.02559739 0.9987376 0.04322091 111.343 0.7171236 0.01177673 -0.6968467 -83.04366 0 0 0 1
85 0 -0.6967001 0.05116393 -0.7155359 50.55998 0.02703897 0.9986175 0.04507831 111.2308 0.716853 0.01205871 -0.6971203 -84.07893 0 0 0 1
85 1 -0.6967001 0.05116393 -0.7155359 50.02725 0.02703897 0.9986175 0.04507831 111.2308 0.716853 0.01205871 -0.6971203 -84.07893 0 0 0 1
86 0 -0.6975625 0.05351852 -0.7145224 51.47417 0.02873738 0.998494 0.04673303 111.0881 0.7159474 0.0120657 -0.6980499 -85.00527 0 0 0 1
86 1 -0.6975625 0.05351852 -0.7145224 50.94145 0.02873738 0.998494 0.04673303 111.0881 0.7159474 0.0120657 -0.6980499 -85.00527 0 0 0 1
87 0 -0.6988502 0.05494273 -0.7131547 52.33454 0.02920213 0.9984058 0.04830259 111.0612 0.7146717 0.01293064 -0.6993405 -85.80665 0 0 0 1
87 1 -0.6988502 0.05494273 -0.7131547 51.80182 0.02920213 0.9984058 0.04830259 111.0612 0.7146717 0.01293064 -0.6993405 -85.80665 0 0 0 1
88 0 -0.7005427 0.05475879 -0.7115066 53.11678 0.03000285 0.99843 0.04730041 110.94 0.7129797 0.01178873 -0.7010858 -86.90004 0 0 0 1
88 1 -0.7005427 0.05475879 -0.7115066 52.58405 0.03000285 0.99843 0.04730041 110.94 0.7129797 0.01178873 -0.7010858 -86.90004 0 0 0 1
89 0 -0.702256 0.05654989 -0.7096753 54.07284 0.03252225 0.9983478 0.04737028 110.6707 0.7111816 0.01018582 -0.7029349 -87.93645 0 0 0 1
89 1 -0.702256 0.05654989 -0.7096753 53.54012 0.03252225 0.9983478 0.04737028 110.6707 0.7111816 0.01018582 -0.7029349 -87.93645 0 0 0 1
90 0 -0.7039523 0.05707402 -0.7079504 54.93763 0.03437702 0.9983358 0.04630163 110.434 0.7094149 0.008256907 -0.7047429 -89.1052 0 0 0 1
90 1 -0.7039523 0.05707402 -0.7079504 54.40491 0.03437702 0.9983358 0.04630163 110.434 0.7094149 0.008256907 -0.7047429 -89.10519 0 0 0 1
91 0 -0.7057627 0.05635941 -0.7062029 55.62269 0.03626435 0.9983978 0.04343664 110.1473 0.7075195 0.00504598 -0.7066759 -90.3075 0 0 0 1
91 1 -0.7057627 0.05635941 -0.7062029 55.08996 0.03626435 0.9983978 0.04343664 110.1473 0.7075195 0.00504598 -0.7066759 -90.3075 0 0 0 1
92 0 -0.7074354 0.05666714 -0.7045028 56.41009 0.03723143 0.9983846 0.04291932 110.0083 0.7057968 0.00413299 -0.7084023 -91.26388 0 0 0 1
92 1 -0.7074354 0.05666714 -0.7045028 55.87737 0.03723143 0.9983846 0.04291932 110.0083 0.7057968 0.00413299 -0.7084023 -91.26389 0 0 0 1
93 0 -0.7092103 0.05623599 -0.7027504 57.18343 0.03510506 0.9983939 0.04446642 110.2423 0.7041224 0.006865947 -0.7100453 -91.90765 0 0 0 1
93 1 -0.7092103 0.05623599 -0.7027504 56.6507 0.03510506 0.9983939 0.04446642 110.2423 0.7041224 0.006865947 -0.7100453 -91.90765 0 0 0 1
94 0 -0.7107142 0.05491885 -0.7013342 57.76901 0.03238146 0.9984453 0.04536998 110.531 0.7027355 0.009534856 -0.7113876 -92.47695 0 0 0 1
94 1 -0.7107142 0.05491885 -0.7013342 57.23628 0.03238146 0.9984453 0.04536998 110.531 0.7027355 0.009534856 -0.7113876 -92.47695 0 0 0 1
95 0 -0.7117046 0.05564158 -0.7002721 58.52164 0.03277461 0.9984027 0.0460205 110.4852 0.7017142 0.009801846 -0.7123914 -93.34222 0 0 0 1
95 1 -0.7117046 0.05564158 -0.7002721 57.98892 0.03277461 0.9984027 0.0460205 110.4852 0.7017142 0.009801846 -0.7123914 -93.34222 0 0 0 1
96 0 -0.7122445 0.05628584 -0.6996711 59.27007 0.03368125 0.9983721 0.04602867 110.364 0.701123 0.009217871 -0.7129809 -94.42464 0 0 0 1
96 1 -0.7122445 0.05628584 -0.6996711 58.73735 0.03368125 0.9983721 0.04602867 110.364 0.701123 0.009217871 -0.7129809 -94.42464 0 0 0 1
97 0 -0.7121412 0.057652 -0.6996653 59.96014 0.03524905 0.9983017 0.04638188 110.1793 0.701151 0.008367905 -0.7129638 -95.48611 0 0 0 1
97 1 -0.7121412 0.057652 -0.6996653 59.42742 0.03524905 0.9983017 0.04638188 110.1793 0.701151 0.008367905 -0.7129638 -95.48611 0 0 0 1
98 0 -0.7116797 0.05727948 -0.700165 60.41348 0.0347419 0.9983206 0.04635788 110.2106 0.7016445 0.008666892 -0.7124745 -96.44949 0 0 0 1
98 1 -0.7116797 0.05727948 -0.700165 59.88075 0.0347419 0.9983206 0.04635788 110.2106 0.7016445 0.008666892 -0.7124745 -96.44949 0 0 0 1
99 0 -0.7111611 0.05713153 -0.7007039 60.93327 0.03432684 0.9983256 0.04655883 110.2366 0.7021906 0.009057876 -0.7119315 -97.50917 0 0 0 1
99 1 -0.7111611 0.05713153 -0.7007039 60.40055 0.03432684 0.9983256 0.04655883 110.2366 0.7021906 0.009057876 -0.7119315 -97.50917 0 0 0 1
100 0 -0.7107161 0.05494903 -0.7013297 61.18338 0.03270577 0.9984477 0.04508467 110.3563 0.7027184 0.009104876 -0.7114099 -98.50906 0 0 0 1
100 1 -0.7107161 0.05494903 -0.7013297 60.65066 0.03270577 0.9984477 0.04508467 110.3563 0.7027184 0.009104876 -0.7114099 -98.50906 0 0 0 1
101 0 -0.7104464 0.05413838 -0.7016659 61.60983 0.03227963 0.9984941 0.04435718 110.3629 0.7030107 0.008863883 -0.7111241 -99.5262 0 0 0 1
101 1 -0.7104464 0.05413838 -0.7016659 61.0771 0.03227963 0.9984941 0.04435718 110.3629 0.7030107 0.008863883 -0.7111241 -99.5262 0 0 0 1
102 0 -0.7100371 0.05045966 -0.7023538 61.74639 0.02977264 0.9986885 0.04165108 110.5512 0.7035343 0.008662891 -0.7106082 -100.6528 0 0 0 1
102 1 -0.7100371 0.05045966 -0.7023538 61.21366 0.02977264 0.9986885 0.04165108 110.5512 0.7035343 0.008662891 -0.7106082 -100.6528 0 0 0 1
103 0 -0.7096481 0.04882387 -0.7028623 62.05777 0.02878322 0.9987723 0.04031793 110.6081 0.7039679 0.008380905 -0.7101821 -101.6858 0 0 0 1
103 1 -0.7096481 0.04882387 -0.7028623 61.52505 0.02878322 0.9987723 0.04031793 110.6081 0.7039679 0.008380905 -0.7101821 -101.6858 0 0 0 1
104 0 -0.7092795 0.04706586 -0.7033546 62.35523 0.02736067 0.9988548 0.03924849 110.7243 0.7043964 0.008593895 -0.7097551 -102.6657 0 0 0 1
104 1 -0.7092795 0.04706586 -0.7033546 61.8225 0.02736067 0.9988548 0.03924849 110.7243 0.7043964 0.008593895 -0.7097551 -102.6657 0 0 0 1
105 0 -0.7089872 0.04441248 -0.7038214 62.61837 0.02499804 0.9989705 0.03785544 110.9417 0.7047781 0.009244869 -0.7093675 -103.6865 0 0 0 1
105 1 -0.7089872 0.04441248 -0.7038214 62.08565 0.02499804 0.9989705 0.03785544 110.9417 0.7047781 0.009244869 -0.7093675 -103.6865 0 0 0 1
106 0 -0.7089207 0.04203859 -0.7040341 62.88813 0.02291321 0.9990679 0.0365831 111.1351 0.7049158 0.009802843 -0.7092232 -104.5906 0 0 0 1
106 1 -0.7089207 0.04203859 -0.7040341 62.3554 0.02291321 0.9990679 0.0365831 111.1351 0.7049158 0.009802843 -0.7092232 -104.5906 0 0 0 1
107 0 -0.7089382 0.04047119 -0.7041087 63.26251 0.02214441 0.9991373 0.03513274 111.1692 0.7049232 0.009314866 -0.7092228 -105.5972 0 0 0 1
107 1 -0.7089382 0.04047119 -0.7041087 62.72979 0.02214441 0.9991373 0.03513274 111.1692 0.7049232 0.009314866 -0.7092228 -105.5972 0 0 0 1
108 0 -0.7090423 0.0370012 -0.7041944 63.48289 0.02023327 0.9992788 0.03213355 111.2923 0.7048755 0.008535895 -0.7092795 -106.7279 0 0 0 1
108 1 -0.7090423 0.0370012 -0.7041944 62.95017 0.02023327 0.9992788 0.03213355 111.2923 0.7048755 0.008535895 -0.7092795 -106.7279 0 0 0 1
109 0 -0.7090033 0.03516474 -0.7043282 63.81541 0.0196062 0.9993528 0.03015801 111.2943 0.7049328 0.007572928 -0.709234 -107.7911 0 0 0 1
109 1 -0.7090033 0.03516474 -0.7043282 63.2827 0.0196062 0.9993528 0.03015801 111.2943 0.7049328 0.007572928 -0.709234 -107.7911 0 0 0 1
110 0 -0.7090046 0.0346673 -0.7043514 64.30702 0.01995547 0.9993773 0.02910082 111.2058 0.7049216 0.006576951 -0.709255 -108.8486 0 0 0 1
110 1 -0.7090046 0.0346673 -0.7043514 63.7743 0.01995547 0.9993773 0.02910082 111.2058 0.7049216 0.006576951 -0.709255 -108.8486 0 0 0 1
111 0 -0.709054 0.03338381 -0.7043634 64.77522 0.01826652 0.9994131 0.02897973 111.3961 0.7049175 0.007681925 -0.7092477 -109.7576 0 0 0 1
111 1 -0.709054 0.03338381 -0.7043634 64.24249 0.01826652 0.9994131 0.02897973 111.3961 0.7049175 0.007681925 -0.7092477 -109.7575 0 0 0 1
112 0 -0.7090254 0.03252791 -0.7044326 65.21886 0.01664321 0.9994292 0.02939797 111.6004 0.7049868 0.009119874 -0.709162 -110.5417 0 0 0 1
112 1 -0.7090254 0.03252791 -0.7044326 64.68613 0.01664321 0.9994292 0.02939797 111.6004 0.7049868 0.009119874 -0.709162 -110.5417 0 0 0 1
113 0 -0.7092863 0.03164407 -0.70421 65.70177 0.01526264 0.9994471 0.02953805 111.7687 0.7047554 0.01020283 -0.7093772 -111.3373 0 0 0 1
113 1 -0.7092863 0.03164407 -0.70421 65.16904 0.01526264 0.9994471 0.02953805 111.7687 0.7047554 0.01020283 -0.7093772 -111.3373 0 0 0 1
114 0 -0.7096443 0.02950354 -0.7039422 66.11929 0.01463749 0.9995246 0.02713589 111.7591 0.7044082 0.00895288 -0.7097387 -112.4511 0 0 0 1
114 1 -0.7096443 0.02950354 -0.7039422 65.58656 0.01463749 0.9995246 0.02713589 111.7591 0.7044082 0.00895288 -0.7097387 -112.4511 0 0 0 1
115 0 -0.7099655 0.02787142 -0.7036848 66.52802 0.01392504 0.9995767 0.02554173 111.7883 0.7040988 0.008334902 -0.7100531 -113.4099 0 0 0 1
115 1 -0.7099655 0.02787142 -0.7036848 65.9953 0.01392504 0.9995767 0.02554173 111.7883 0.7040988 0.008334902 -0.7100531 -113.4099 0 0 0 1
116 0 -0.7103868 0.02737843 -0.7032788 67.13608 0.0130132 0.9995832 0.02576875 111.9047 0.7036912 0.009153874 -0.710447 -114.2848 0 0 0 1
116 1 -0.7103868 0.02737843 -0.7032788 66.60335 0.0130132 0.9995832 0.02576875 111.9047 0.7036912 0.009153874 -0.710447 -114.2848 0 0 0 1
117 0 -0.7107884 0.02708418 -0.7028844 67.70068 0.0118413 0.9995776 0.02654218 112.0762 0.7033064 0.01054281 -0.7108089 -115.0042 0 0 0 1
117 1 -0.7107884 0.02708418 -0.7028844 67.16794 0.0118413 0.9995776 0.02654218 112.0762 0.7033064 0.01054281 -0.7108089 -115.0042 0 0 0 1
118 0 -0.7111368 0.02821697 -0.7024873 68.4291 0.01112294 0.9995208 0.02888809 112.2448 0.7029658 0.01272966 -0.7111099 -115.6275 0 0 0 1
118 1 -0.7111368 0.02821697 -0.7024873 67.89637 0.01112294 0.9995208 0.02888809 112.2448 0.7029658 0.01272966 -0.7111099 -115.6275 0 0 0 1
119 0 -0.7112898 0.03108542 -0.7022113 69.36501 0.01146629 0.9994018 0.0326269 112.3242 0.7028055 0.01515542 -0.7112206 -116.3422 0 0 0 1
119 1 -0.7112898 0.03108542 -0.7022113 68.83228 0.01146629 0.9994018 0.0326269 112.3242 0.7028055 0.01515542 -0.7112206 -116.3422 0 0 0 1
120 0 -0.7114366 0.03206905 -0.7020181 70.05464 0.01251273 0.999378 0.03297221 112.1941 0.7026389 0.01467347 -0.7113954 -117.2778 0 0 0 1
120 1 -0.7114366 0.03206905 -0.7020181 69.52193 0.01251273 0.999378 0.03297221 112.1941 0.7026389 0.01467347 -0.7113954 -117.2778 0 0 0 1
121 0 -0.7114058 0.03360594 -0.7019777 70.76305 0.0149526 0.9993537 0.03268887 111.8548 0.7026226 0.01275866 -0.7114486 -118.392 0 0 0 1
121 1 -0.7114058 0.03360594 -0.7019777 70.23032 0.0149526 0.9993537 0.03268887 111.8548 0.7026226 0.01275866 -0.7114486 -118.392 0 0 0 1
122 0 -0.7115362 0.03532301 -0.7017612 71.57444 0.01656069 0.9993013 0.03350827 111.6592 0.7024544 0.0122207 -0.7116239 -119.4223 0 0 0 1
122 1 -0.7115362 0.03532301 -0.7017612 71.04171 0.01656069 0.9993013 0.03350827 111.6592 0.7024544 0.0122207 -0.7116239 -119.4223 0 0 0 1
123 0 -0.7119355 0.03699027 -0.7012703 72.36662 0.01566703 0.9991998 0.03680003 111.8874 0.7020705 0.01521241 -0.7119454 -119.947 0 0 0 1
123 1 -0.7119355 0.03699027 -0.7012703 71.83389 0.01566703 0.9991998 0.03680003 111.8874 0.7020705 0.01521241 -0.7119454 -119.947 0 0 0 1
124 0 -0.7121483 0.03577792 -0.7011168 72.7924 0.0132491 0.9992076 0.0375319 112.2373 0.7019041 0.01743912 -0.7120581 -120.5753 0 0 0 1
124 1 -0.7121483 0.03577792 -0.7011168 72.25967 0.0132491 0.9992076 0.0375319 112.2373 0.7019041 0.01743912 -0.7120581 -120.5753 0 0 0 1
125 0 -0.7119116 0.03866234 -0.7012045 73.65799 0.01622694 0.9991224 0.03861395 111.8616 0.702082 0.0161113 -0.7119142 -121.728 0 0 0 1
125 1 -0.7119116 0.03866234 -0.7012045 73.12525 0.01622694 0.9991224 0.03861395 111.8616 0.702082 0.0161113 -0.7119142 -121.728 0 0 0 1
126 0 -0.7116389 0.03931112 -0.7014448 74.20599 0.01707177 0.999106 0.0386731 111.7406 0.702338 0.01554637 -0.7116739 -122.7183 0 0 0 1
126 1 -0.7116389 0.03931112 -0.7014448 73.67326 0.01707177 0.999106 0.0386731 111.7406 0.702338 0.01554637 -0.7116739 -122.7183 0 0 0 1
127 0 -0.7117996 0.03963643 -0.7012635 74.79655 0.01686998 0.9990832 0.03934619 111.7861 0.7021801 0.01617629 -0.7118157 -123.5294 0 0 0 1
127 1 -0.7117996 0.03963643 -0.7012635 74.26382 0.01686998 0.9990832 0.03934619 111.7861 0.7021801 0.01617629 -0.7118157 -123.5294 0 0 0 1
128 0 -0.7120117 0.04047461 -0.7010005 75.49715 0.01642553 0.9990242 0.04099848 111.9011 0.7019758 0.01767708 -0.7119817 -124.3201 0 0 0 1
128 1 -0.7120117 0.04047461 -0.7010005 74.96442 0.01642553 0.9990242 0.04099848 111.9011 0.7019758 0.01767708 -0.7119817 -124.3201 0 0 0 1
129 0 -0.7122525 0.04022075 -0.70077 76.0311 0.01521055 0.9990069 0.04187829 112.0998 0.7017584 0.01916882 -0.712157 -125.0236 0 0 0 1
129 1 -0.7122525 0.04022075 -0.70077 75.49837 0.01521055 0.9990069 0.04187829 112.0999 0.7017584 0.01916882 -0.712157 -125.0236 0 0 0 1
130 0 -0.7124921 0.04129155 -0.7004642 76.71158 0.01588778 0.9989604 0.04272696 112.0299 0.7015002 0.0193138 -0.7124075 -125.8682 0 0 0 1
130 1 -0.7124921 0.04129155 -0.7004642 76.17885 0.01588778 0.9989604 0.04272696 112.0299 0.7015002 0.0193138 -0.7124075 -125.8682 0 0 0 1
131 0 -0.7127407 0.04392253 -0.7000512 77.61929 0.01851573 0.9988679 0.04381951 111.686 0.7011833 0.01826998 -0.712747 -126.9193 0 0 0 1
131 1 -0.7127407 0.04392253 -0.7000512 77.08658 0.01851573 0.9988679 0.04381951 111.686 0.7011833 0.01826998 -0.712747 -126.9193 0 0 0 1
132 0 -0.7130052 0.04680123 -0.6995953 78.49251 0.02248799 0.9987829 0.04389712 111.1051 0.7007983 0.01556637 -0.7131898 -128.0574 0 0 0 1
132 1 -0.7130052 0.04680123 -0.6995953 77.95978 0.02248799 0.9987829 0.04389712 111.1051 0.7007983 0.01556637 -0.7131898 -128.0574 0 0 0 1
133 0 -0.7132344 0.04847348 -0.6992474 79.21481 0.02618099 0.9987521 0.04253117 110.5031 0.7004364 0.01202771 -0.7136134 -129.2882 0 0 0 1
133 1 -0.7132344 0.04847348 -0.6992474 78.68208 0.02618099 0.9987521 0.04253117 110.5031 0.7004364 0.01202771 -0.7136134 -129.2882 0 0 0 1
134 0 -0.7134548 0.05196266 -0.698772 80.18898 0.03108493 0.9986119 0.04252151 109.7606 0.7000115 0.008615894 -0.7140797 -130.5826 0 0 0 1
134 1 -0.7134548 0.05196266 -0.698772 79.65625 0.03108493 0.9986119 0.04252151 109.7606 0.7000115 0.008615894 -0.7140797 -130.5826 0 0 0 1
135 0 -0.7136024 0.05211926 -0.6986096 80.71722 0.03265672 0.9986194 0.04114372 109.456 0.6997895 0.006545955 -0.7143192 -131.6563 0 0 0 1
135 1 -0.7136024 0.05211926 -0.6986096 80.18449 0.03265672 0.9986194 0.04114372 109.456 0.6997895 0.006545955 -0.7143192 -131.6563 0 0 0 1
136 0 -0.7143208 0.05195163 -0.6978876 81.36606 0.0328735 0.9986308 0.04069177 109.3847 0.6990461 0.006124962 -0.7150506 -132.5695 0 0 0 1
136 1 -0.7143208 0.05195163 -0.6978876 80.83333 0.0328735 0.9986308 0.04069177 109.3847 0.6990461 0.006124962 -0.7150506 -132.5695 0 0 0 1
137 0 -0.7148532 0.05018926 -0.6974714 81.7506 0.03025551 0.9987068 0.04085632 109.768 0.69862 0.008103913 -0.7154473 -133.1515 0 0 0 1
137 1 -0.7148532 0.05018926 -0.6974714 81.21788 0.03025551 0.9987068 0.04085632 109.768 0.69862 0.008103913 -0.7154473 -133.1515 0 0 0 1
138 0 -0.7158824 0.04871855 -0.6965191 82.26363 0.02698485 0.9987479 0.04212315 110.2973 0.6976992 0.01135975 -0.7163007 -133.5355 0 0 0 1
138 1 -0.7158824 0.04871855 -0.6965191 81.7309 0.02698485 0.9987479 0.04212315 110.2973 0.6976992 0.01135975 -0.7163007 -133.5355 0 0 0 1
139 0 -0.7170213 0.04500243 -0.6955971 82.58583 0.0237759 0.998912 0.04011755 110.6953 0.6966456 0.0122267 -0.7173113 -134.2471 0 0 0 1
139 1 -0.7170213 0.04500243 -0.6955971 82.0531 0.0237759 0.998912 0.04011755 110.6953 0.6966456 0.0122267 -0.7173113 -134.2471 0 0 0 1
140 0 -0.7184017 0.04331868 -0.6942784 83.13826 0.02329449 0.9989975 0.03822739 110.684 0.6952384 0.01128976 -0.7186905 -135.035 0 0 0 1
140 1 -0.7184017 0.04331868 -0.6942784 82.60555 0.02329449 0.9989975 0.03822739 110.684 0.6952384 0.01128976 -0.7186905 -135.035 0 0 0 1
141 0 -0.719643 0.04176012 -0.6930875 83.67467 0.02374823 0.9990861 0.03553911 110.4961 0.6939381 0.009115875 -0.719977 -135.9632 0 0 0 1
141 1 -0.719643 0.04176012 -0.6930875 83.14194 0.02374823 0.9990861 0.03553911 110.4961 0.6939381 0.009115875 -0.719977 -135.9632 0 0 0 1
142 0 -0.7211934 0.04094937 -0.6915223 84.40161 0.02429201 0.9991323 0.03383058 110.3296 0.6923077 0.007599926 -0.7215624 -136.853 0 0 0 1
142 1 -0.7211934 0.04094937 -0.6915223 83.86888 0.02429201 0.9991323 0.03383058 110.3296 0.6923077 0.007599926 -0.7215624 -136.853 0 0 0 1
143 0 -0.7224815 0.04016121 -0.690223 85.0283 0.02418321 0.9991685 0.03282402 110.293 0.6909673 0.00702294 -0.722852 -137.5748 0 0 0 1
143 1 -0.7224815 0.04016121 -0.690223 84.49557 0.02418321 0.9991685 0.03282402 110.293 0.6909673 0.00702294 -0.722852 -137.5748 0 0 0 1
144 0 -0.7237604 0.03982014 -0.6889019 85.70113 0.0232077 0.9991735 0.03337257 110.4564 0.6896614 0.00816591 -0.7240863 -138.0957 0 0 0 1
144 1 -0.7237604 0.03982014 -0.6889019 85.1684 0.0232077 0.9991735 0.03337257 110.4563 0.6896614 0.00816591 -0.7240863 -138.0957 0 0 0 1
