frame cameraID r1,1 r1,2 r1,3 t1 r2,1 r2,2 r2,3 t2 r3,1 r3,2 r3,3 t3 0 0 0 1
0 0 -0.8146367 -0.02389242 -0.5794798 -6.792865 -0.01652062 0.9997016 -0.01799372 271.5562 0.5797368 -0.005084978 -0.8147883 -2.457608 0 0 0 1
0 1 -0.8146367 -0.02389242 -0.5794798 -7.32559 -0.01652062 0.9997016 -0.01799372 271.5562 0.5797368 -0.005084978 -0.8147883 -2.457608 0 0 0 1
1 0 -0.8146663 -0.02383346 -0.57944 -6.777188 -0.01662307 0.9997043 -0.01774844 271.5555 0.5796916 -0.004826982 -0.8148216 -2.764963 0 0 0 1
1 1 -0.8146663 -0.02383346 -0.57944 -7.309914 -0.01662307 0.9997043 -0.01774844 271.5554 0.5796916 -0.004826982 -0.8148216 -2.764964 0 0 0 1
2 0 -0.8145654 -0.0241724 -0.5795681 -6.86869 -0.01707613 0.9996976 -0.01769504 271.5524 0.5798206 -0.004516985 -0.8147318 -3.021337 0 0 0 1
2 1 -0.8145654 -0.0241724 -0.5795681 -7.401415 -0.01707613 0.9996976 -0.01769504 271.5524 0.5798206 -0.004516985 -0.8147318 -3.021337 0 0 0 1
3 0 -0.8146467 -0.02416337 -0.5794542 -6.865911 -0.0168793 0.9996963 -0.01795718 271.5498 0.579712 -0.004847981 -0.8148072 -3.449239 0 0 0 1
3 1 -0.8146467 -0.02416337 -0.5794542 -7.398636 -0.0168793 0.9996963 -0.01795718 271.5498 0.579712 -0.004847981 -0.8148072 -3.449239 0 0 0 1
4 0 -0.8146763 -0.02404539 -0.5794173 -6.834196 -0.01671443 0.9996985 -0.01798581 271.5484 0.5796752 -0.004967979 -0.8148326 -3.851136 0 0 0 1
4 1 -0.8146763 -0.02404539 -0.5794173 -7.366921 -0.01671443 0.9996985 -0.01798581 271.5484 0.5796752 -0.004967979 -0.8148326 -3.851136 0 0 0 1
5 0 -0.814844 -0.02381849 -0.579191 -6.772362 -0.01672817 0.9997056 -0.01757734 271.5497 0.5794391 -0.004633984 -0.8150026 -4.093613 0 0 0 1
5 1 -0.814844 -0.02381849 -0.579191 -7.305087 -0.01672817 0.9997056 -0.01757734 271.5497 0.5794391 -0.004633984 -0.8150026 -4.093613 0 0 0 1
6 0 -0.8149091 -0.02363452 -0.5791066 -6.723905 -0.01645666 0.9997089 -0.01764263 271.5484 0.579355 -0.004846982 -0.8150609 -4.481779 0 0 0 1
6 1 -0.8149091 -0.02363452 -0.5791066 -7.25663 -0.01645666 0.9997089 -0.01764263 271.5484 0.579355 -0.004846982 -0.8150609 -4.481779 0 0 0 1
7 0 -0.8147959 -0.02380943 -0.5792591 -6.772535 -0.01639354 0.999703 -0.01803161 271.5437 0.5795164 -0.005195976 -0.8149443 -4.935873 0 0 0 1
7 1 -0.8147959 -0.02380943 -0.5792591 -7.30526 -0.01639354 0.999703 -0.01803161 271.5437 0.5795164 -0.005195976 -0.8149443 -4.935873 0 0 0 1
8 0 -0.8145896 -0.02409338 -0.5795372 -6.851328 -0.01680075 0.9996978 -0.01794602 271.5417 0.5797944 -0.00488198 -0.8147483 -5.174451 0 0 0 1
8 1 -0.8145896 -0.02409338 -0.5795372 -7.384054 -0.01680075 0.9996978 -0.01794602 271.5417 0.5797944 -0.00488198 -0.8147483 -5.174451 0 0 0 1
9 0 -0.8143418 -0.02449226 -0.5798687 -6.960369 -0.01712285 0.9996881 -0.01817786 271.5373 0.5801331 -0.00487398 -0.8145072 -5.524618 0 0 0 1
9 1 -0.8143418 -0.02449226 -0.5798687 -7.493094 -0.01712285 0.9996881 -0.01817786 271.5373 0.5801331 -0.00487398 -0.8145072 -5.524618 0 0 0 1
10 0 -0.8142413 -0.02445027 -0.5800118 -6.94959 -0.01707561 0.9996891 -0.01817034 271.5359 0.5802757 -0.004890982 -0.8144056 -5.846153 0 0 0 1
10 1 -0.8142413 -0.02445027 -0.5800118 -7.482316 -0.01707561 0.9996891 -0.01817034 271.5359 0.5802757 -0.004890982 -0.8144056 -5.846153 0 0 0 1
11 0 -0.8140635 -0.02434332 -0.5802655 -6.922364 -0.01706419 0.9996924 -0.01799951 271.5359 0.5805252 -0.004750982 -0.8142285 -6.12205 0 0 0 1
11 1 -0.8140635 -0.02434332 -0.5802655 -7.45509 -0.01706419 0.9996924 -0.01799951 271.5359 0.5805252 -0.004750982 -0.8142285 -6.122051 0 0 0 1
12 0 -0.8138269 -0.02413242 -0.5806063 -6.867127 -0.0170489 0.9996988 -0.01765447 271.5375 0.5808575 -0.004468986 -0.8139932 -6.387397 0 0 0 1
12 1 -0.8138269 -0.02413242 -0.5806063 -7.399852 -0.0170489 0.9996988 -0.01765447 271.5375 0.5808575 -0.004468986 -0.8139932 -6.387397 0 0 0 1
13 0 -0.8135661 -0.02407842 -0.5809739 -6.854803 -0.01689583 0.9996993 -0.0177724 271.5353 0.5812271 -0.004642982 -0.8137282 -6.741565 0 0 0 1
13 1 -0.8135661 -0.02407842 -0.5809739 -7.387527 -0.01689583 0.9996993 -0.0177724 271.5353 0.5812271 -0.004642982 -0.8137282 -6.741566 0 0 0 1
14 0 -0.8132734 -0.02384443 -0.5813931 -6.79447 -0.01640027 0.9997024 -0.01805909 271.5318 0.5816507 -0.005151978 -0.8134224 -7.183165 0 0 0 1
14 1 -0.8132734 -0.02384443 -0.5813931 -7.327196 -0.01640027 0.9997024 -0.01805909 271.5318 0.5816507 -0.005151978 -0.8134224 -7.183165 0 0 0 1
15 0 -0.8129592 -0.02419833 -0.5818181 -6.892717 -0.01669711 0.999694 -0.01824773 271.5279 0.5820817 -0.005119978 -0.8131145 -7.504993 0 0 0 1
15 1 -0.8129592 -0.02419833 -0.5818181 -7.425443 -0.01669711 0.999694 -0.01824773 271.5278 0.5820817 -0.005119978 -0.8131145 -7.504992 0 0 0 1
16 0 -0.812819 -0.02474616 -0.5819906 -7.041477 -0.01720484 0.9996812 -0.01847771 271.5234 0.5822623 -0.00500598 -0.8129857 -7.771249 0 0 0 1
16 1 -0.812819 -0.02474616 -0.5819906 -7.574203 -0.01720484 0.9996812 -0.01847771 271.5234 0.5822623 -0.00500598 -0.8129857 -7.771249 0 0 0 1
17 0 -0.8126756 -0.0249761 -0.5821812 -7.10442 -0.01745143 0.999676 -0.01852631 271.5211 0.5824553 -0.00489598 -0.8128482 -8.035271 0 0 0 1
17 1 -0.8126756 -0.0249761 -0.5821812 -7.637146 -0.01745143 0.999676 -0.01852631 271.5212 0.5824553 -0.00489598 -0.8128482 -8.035272 0 0 0 1
18 0 -0.8124987 -0.02509305 -0.5824226 -7.137909 -0.01749021 0.9996727 -0.0186704 271.518 0.5827005 -0.00498298 -0.8126717 -8.379308 0 0 0 1
18 1 -0.8124987 -0.02509305 -0.5824226 -7.670633 -0.01749021 0.9996727 -0.0186704 271.518 0.5827005 -0.00498298 -0.8126717 -8.379308 0 0 0 1
19 0 -0.8124269 -0.02493109 -0.58253 -7.095358 -0.01725183 0.9996759 -0.01872376 271.5161 0.582808 -0.005161977 -0.8125937 -8.715947 0 0 0 1
19 1 -0.8124269 -0.02493109 -0.58253 -7.628083 -0.01725183 0.9996759 -0.01872376 271.5161 0.582808 -0.005161977 -0.8125937 -8.715947 0 0 0 1
20 0 -0.812358 -0.02492107 -0.5826266 -7.093353 -0.01716276 0.9996754 -0.0188297 271.5133 0.5829068 -0.005296975 -0.8125219 -9.066483 0 0 0 1
20 1 -0.812358 -0.02492107 -0.5826266 -7.626079 -0.01716276 0.9996754 -0.0188297 271.5133 0.5829068 -0.005296975 -0.8125219 -9.066483 0 0 0 1
21 0 -0.8122343 -0.02502404 -0.5827947 -7.122005 -0.01722498 0.9996727 -0.01891769 271.5108 0.5830773 -0.005326975 -0.8123995 -9.356398 0 0 0 1
21 1 -0.8122343 -0.02502404 -0.5827947 -7.65473 -0.01722498 0.9996727 -0.01891769 271.5108 0.5830773 -0.005326975 -0.8123995 -9.356398 0 0 0 1
22 0 -0.8122481 -0.02487207 -0.5827819 -7.080226 -0.01704529 0.9996759 -0.0189076 271.5095 0.5830633 -0.005423974 -0.8124088 -9.661655 0 0 0 1
22 1 -0.8122481 -0.02487207 -0.5827819 -7.612952 -0.01704529 0.9996759 -0.0189076 271.5095 0.5830633 -0.005423974 -0.8124088 -9.661656 0 0 0 1
23 0 -0.8122692 -0.02486605 -0.5827526 -7.077679 -0.01692094 0.9996749 -0.01907088 271.5058 0.5830374 -0.005629969 -0.812426 -10.02017 0 0 0 1
23 1 -0.8122692 -0.02486605 -0.5827526 -7.610403 -0.01692094 0.9996749 -0.01907088 271.5058 0.5830374 -0.005629969 -0.812426 -10.02017 0 0 0 1
24 0 -0.8122278 -0.02500805 -0.5828042 -7.11595 -0.01723685 0.9996733 -0.01887363 271.5069 0.5830858 -0.005283976 -0.8123935 -10.19875 0 0 0 1
24 1 -0.8122278 -0.02500805 -0.5828042 -7.648675 -0.01723685 0.9996733 -0.01887363 271.5069 0.5830858 -0.005283976 -0.8123935 -10.19875 0 0 0 1
25 0 -0.8122296 -0.02535899 -0.5827865 -7.20991 -0.01781446 0.999667 -0.01867084 271.5082 0.5830659 -0.004782982 -0.8124108 -10.33259 0 0 0 1
25 1 -0.8122296 -0.02535899 -0.5827865 -7.742634 -0.01781446 0.999667 -0.01867084 271.5082 0.5830659 -0.004782982 -0.8124108 -10.33259 0 0 0 1
26 0 -0.8121761 -0.02586881 -0.5828386 -7.3474 -0.01817591 0.9996535 -0.01904095 271.5021 0.5831292 -0.004870981 -0.8123648 -10.64948 0 0 0 1
26 1 -0.8121761 -0.02586881 -0.5828386 -7.880125 -0.01817591 0.9996535 -0.01904095 271.5021 0.5831292 -0.004870981 -0.8123648 -10.64948 0 0 0 1
27 0 -0.8121597 -0.02610967 -0.5828507 -7.411712 -0.01814546 0.9996452 -0.01949625 271.4948 0.583153 -0.005257977 -0.8123454 -11.01812 0 0 0 1
27 1 -0.8121597 -0.02610967 -0.5828507 -7.944437 -0.01814546 0.9996452 -0.01949625 271.4948 0.583153 -0.005257977 -0.8123454 -11.01812 0 0 0 1
28 0 -0.8122252 -0.02638263 -0.582747 -7.482896 -0.01860581 0.9996402 -0.01932403 271.4961 0.5830472 -0.004852981 -0.8124238 -11.1691 0 0 0 1
28 1 -0.8122252 -0.02638263 -0.582747 -8.015619 -0.01860581 0.9996402 -0.01932403 271.4961 0.5830472 -0.004852981 -0.8124238 -11.1691 0 0 0 1
29 0 -0.8122981 -0.02606679 -0.58266 -7.396187 -0.01858814 0.9996503 -0.01880782 271.5017 0.5829465 -0.004446986 -0.8124986 -11.3436 0 0 0 1
29 1 -0.8122981 -0.02606679 -0.58266 -7.928911 -0.01858814 0.9996503 -0.01880782 271.5017 0.5829465 -0.004446986 -0.8124986 -11.3436 0 0 0 1
30 0 -0.8123904 -0.02591179 -0.5825378 -7.351737 -0.01819222 0.9996521 -0.01909505 271.4963 0.58283 -0.00491498 -0.8125793 -11.7258 0 0 0 1
30 1 -0.8123904 -0.02591179 -0.5825378 -7.884461 -0.01819222 0.9996521 -0.01909505 271.4963 0.58283 -0.00491498 -0.8125793 -11.7258 0 0 0 1
31 0 -0.812567 -0.02569586 -0.5823012 -7.289309 -0.01801712 0.9996577 -0.0189712 271.4965 0.5825893 -0.00492398 -0.8127518 -12.00629 0 0 0 1
31 1 -0.812567 -0.02569586 -0.5823012 -7.822034 -0.01801712 0.9996577 -0.0189712 271.4965 0.5825893 -0.00492398 -0.8127518 -12.00629 0 0 0 1
32 0 -0.8126051 -0.02583583 -0.5822419 -7.325821 -0.01822429 0.9996548 -0.018923 271.4962 0.5825298 -0.00476598 -0.8127955 -12.21389 0 0 0 1
32 1 -0.8126051 -0.02583583 -0.5822419 -7.858546 -0.01822429 0.9996548 -0.018923 271.4962 0.5825298 -0.00476598 -0.8127955 -12.21389 0 0 0 1
33 0 -0.8127249 -0.0262037 -0.5820583 -7.422307 -0.01852166 0.9996452 -0.01914137 271.4923 0.5823533 -0.004775983 -0.8129219 -12.46561 0 0 0 1
33 1 -0.8127249 -0.0262037 -0.5820583 -7.955032 -0.01852166 0.9996452 -0.01914137 271.4923 0.5823533 -0.004775983 -0.8129219 -12.46561 0 0 0 1
34 0 -0.812736 -0.0266264 -0.5820236 -7.536014 -0.01821641 0.9996281 -0.02029361 271.4734 0.5823475 -0.005890967 -0.8129189 -13.04381 0 0 0 1
34 1 -0.812736 -0.0266264 -0.5820236 -8.06874 -0.01821641 0.9996281 -0.02029361 271.4734 0.5823475 -0.005890967 -0.8129189 -13.04381 0 0 0 1
35 0 -0.8126874 -0.02657628 -0.5820938 -7.523221 -0.01769909 0.9996243 -0.02092869 271.4614 0.5824313 -0.00670595 -0.8128524 -13.51907 0 0 0 1
35 1 -0.8126874 -0.02657628 -0.5820938 -8.055946 -0.01769909 0.9996243 -0.02092869 271.4614 0.5824313 -0.00670595 -0.8128524 -13.51907 0 0 0 1
36 0 -0.8126552 -0.02630827 -0.5821508 -7.451285 -0.01715068 0.9996274 -0.02123313 271.4538 0.5824925 -0.007270935 -0.8128036 -13.93077 0 0 0 1
36 1 -0.8126552 -0.02630827 -0.5821508 -7.984011 -0.01715068 0.9996274 -0.02123313 271.4538 0.5824925 -0.007270935 -0.8128036 -13.93077 0 0 0 1
37 0 -0.8124942 -0.02622725 -0.5823793 -7.432104 -0.01694599 0.9996279 -0.02137607 271.449 0.5827232 -0.00749893 -0.8126363 -14.28282 0 0 0 1
37 1 -0.8124942 -0.02622725 -0.5823793 -7.964829 -0.01694599 0.9996279 -0.02137607 271.449 0.5827232 -0.00749893 -0.8126363 -14.28282 0 0 0 1
38 0 -0.812423 -0.02633218 -0.5824736 -7.461314 -0.01694244 0.999624 -0.02155952 271.444 0.5828223 -0.007646926 -0.8125637 -14.59237 0 0 0 1
38 1 -0.812423 -0.02633218 -0.5824736 -7.994038 -0.01694244 0.999624 -0.02155952 271.444 0.5828223 -0.007646926 -0.8125637 -14.59237 0 0 0 1
39 0 -0.8121501 -0.02629812 -0.5828559 -7.457437 -0.01667011 0.9996217 -0.02187426 271.436 0.5832106 -0.008048913 -0.8122814 -14.97759 0 0 0 1
39 1 -0.8121501 -0.02629812 -0.5828559 -7.990163 -0.01667011 0.9996217 -0.02187426 271.436 0.5832106 -0.008048913 -0.8122814 -14.97759 0 0 0 1
40 0 -0.8117474 -0.02622005 -0.5834197 -7.4447 -0.01635155 0.9996204 -0.02217403 271.4275 0.5837796 -0.008459899 -0.8118681 -15.40099 0 0 0 1
40 1 -0.8117474 -0.02622005 -0.5834197 -7.977427 -0.01635155 0.9996204 -0.02217403 271.4276 0.5837796 -0.008459899 -0.8118681 -15.40099 0 0 0 1
41 0 -0.8112872 -0.02611204 -0.5840646 -7.425305 -0.01610778 0.9996212 -0.02231623 271.4219 0.584426 -0.008696891 -0.8114004 -15.75774 0 0 0 1
41 1 -0.8112872 -0.02611204 -0.5840646 -7.958031 -0.01610778 0.9996212 -0.02231623 271.4219 0.584426 -0.008696891 -0.8114004 -15.75774 0 0 0 1
42 0 -0.8107337 -0.02629597 -0.5848243 -7.48673 -0.016233 0.9996163 -0.02244306 271.4172 0.5851901 -0.00870189 -0.8108494 -16.09123 0 0 0 1
42 1 -0.8107337 -0.02629597 -0.5848243 -8.019453 -0.016233 0.9996163 -0.02244306 271.4172 0.5851901 -0.00870189 -0.8108494 -16.09123 0 0 0 1
43 0 -0.8102719 -0.02672171 -0.5854447 -7.610926 -0.01632565 0.9996015 -0.0230301 271.4045 0.5858268 -0.009102875 -0.8103852 -16.51306 0 0 0 1
43 1 -0.8102719 -0.02672171 -0.5854447 -8.143652 -0.01632565 0.9996015 -0.0230301 271.4044 0.5858268 -0.009102875 -0.8103852 -16.51306 0 0 0 1
44 0 -0.8098905 -0.02685254 -0.5859662 -7.654156 -0.01612345 0.9995933 -0.0235225 271.3918 0.5863594 -0.009602854 -0.809994 -16.97249 0 0 0 1
44 1 -0.8098905 -0.02685254 -0.5859662 -8.18688 -0.01612345 0.9995933 -0.0235225 271.3918 0.5863594 -0.009602854 -0.809994 -16.97249 0 0 0 1
45 0 -0.8093755 -0.02656653 -0.5866902 -7.588107 -0.01560556 0.9995965 -0.02373492 271.3823 0.5870841 -0.01005483 -0.8094636 -17.46466 0 0 0 1
45 1 -0.8093755 -0.02656653 -0.5866902 -8.120831 -0.01560556 0.9995965 -0.02373492 271.3823 0.5870841 -0.01005483 -0.8094636 -17.46466 0 0 0 1
46 0 -0.8090112 -0.02665241 -0.5871891 -7.619293 -0.01546288 0.9995908 -0.02406698 271.3719 0.5875903 -0.01039082 -0.8090922 -17.90497 0 0 0 1
46 1 -0.8090112 -0.02665241 -0.5871891 -8.152018 -0.01546288 0.9995908 -0.02406698 271.3719 0.5875903 -0.01039082 -0.8090922 -17.90497 0 0 0 1
47 0 -0.8085932 -0.02691523 -0.5877521 -7.699662 -0.01552556 0.9995813 -0.02441522 271.3618 0.5881631 -0.0106168 -0.8086725 -18.32789 0 0 0 1
47 1 -0.8085932 -0.02691523 -0.5877521 -8.232388 -0.01552556 0.9995813 -0.02441522 271.3618 0.5881631 -0.0106168 -0.8086725 -18.32789 0 0 0 1
48 0 -0.808266 -0.02677329 -0.5882085 -7.668657 -0.01540182 0.9995852 -0.02433392 271.3584 0.5886161 -0.0106088 -0.8083432 -18.73925 0 0 0 1
48 1 -0.808266 -0.02677329 -0.5882085 -8.201383 -0.01540182 0.9995852 -0.02433392 271.3584 0.5886161 -0.0106088 -0.8083432 -18.73924 0 0 0 1
49 0 -0.8081524 -0.02651932 -0.5883765 -7.60236 -0.01501786 0.9995888 -0.02442602 271.3505 0.5887823 -0.01090379 -0.8082184 -19.20788 0 0 0 1
49 1 -0.8081524 -0.02651932 -0.5883765 -8.135085 -0.01501786 0.9995888 -0.02442602 271.3505 0.5887823 -0.01090379 -0.8082184 -19.20788 0 0 0 1
50 0 -0.8081602 -0.02676317 -0.5883545 -7.667057 -0.0151354 0.9995809 -0.02467922 271.3416 0.5887684 -0.01103978 -0.8082265 -19.64701 0 0 0 1
50 1 -0.8081602 -0.02676317 -0.5883545 -8.199781 -0.0151354 0.9995809 -0.02467922 271.3416 0.5887684 -0.01103978 -0.8082265 -19.64701 0 0 0 1
51 0 -0.8080745 -0.02728597 -0.5884483 -7.809614 -0.01559779 0.9995675 -0.02492997 271.334 0.588874 -0.01096678 -0.8081505 -20.08453 0 0 0 1
51 1 -0.8080745 -0.02728597 -0.5884483 -8.342339 -0.01559779 0.9995675 -0.02492997 271.334 0.588874 -0.01096678 -0.8081505 -20.08453 0 0 0 1
52 0 -0.8078908 -0.027173 -0.5887054 -7.784259 -0.01545679 0.9995698 -0.02492573 271.3286 0.5891294 -0.01103778 -0.8079633 -20.53313 0 0 0 1
52 1 -0.8078908 -0.027173 -0.5887054 -8.316982 -0.01545679 0.9995698 -0.02492573 271.3286 0.5891294 -0.01103778 -0.8079633 -20.53313 0 0 0 1
53 0 -0.8079338 -0.02701695 -0.5886539 -7.740653 -0.01509782 0.9995695 -0.02515447 271.316 0.5890801 -0.01143575 -0.807994 -21.12817 0 0 0 1
53 1 -0.8079338 -0.02701695 -0.5886539 -8.273381 -0.01509782 0.9995695 -0.02515447 271.316 0.5890801 -0.01143575 -0.807994 -21.12817 0 0 0 1
54 0 -0.8080946 -0.0268169 -0.5884421 -7.681259 -0.01469661 0.9995701 -0.02537058 271.3034 0.5888695 -0.01185372 -0.8081414 -21.69853 0 0 0 1
54 1 -0.8080946 -0.0268169 -0.5884421 -8.213984 -0.01469661 0.9995701 -0.02537058 271.3034 0.5888695 -0.01185372 -0.8081414 -21.69853 0 0 0 1
55 0 -0.8080626 -0.02675897 -0.5884888 -7.66575 -0.01473202 0.9995733 -0.02522251 271.3015 0.5889126 -0.01171173 -0.808112 -22.13071 0 0 0 1
55 1 -0.8080626 -0.02675897 -0.5884888 -8.198474 -0.01473202 0.9995733 -0.02522251 271.3014 0.5889126 -0.01171173 -0.808112 -22.13071 0 0 0 1
56 0 -0.8078482 -0.02730262 -0.588758 -7.818344 -0.01495568 0.9995545 -0.02583157 271.2829 0.589201 -0.01206271 -0.8078966 -22.75773 0 0 0 1
56 1 -0.8078482 -0.02730262 -0.588758 -8.351069 -0.01495568 0.9995545 -0.02583157 271.2829 0.589201 -0.01206271 -0.8078966 -22.75773 0 0 0 1
57 0 -0.8078537 -0.02769136 -0.5887321 -7.921988 -0.01512773 0.9995408 -0.02625583 271.2682 0.5891888 -0.01230469 -0.8079016 -23.32096 0 0 0 1
57 1 -0.8078537 -0.02769136 -0.5887321 -8.454713 -0.01512773 0.9995408 -0.02625583 271.2682 0.5891888 -0.01230469 -0.8079016 -23.32096 0 0 0 1
58 0 -0.8079703 -0.02739039 -0.5885865 -7.835253 -0.01469557 0.999545 -0.02634166 271.2566 0.5890402 -0.01263366 -0.8080052 -23.91983 0 0 0 1
58 1 -0.8079703 -0.02739039 -0.5885865 -8.367975 -0.01469557 0.999545 -0.02634166 271.2566 0.5890402 -0.01263366 -0.8080052 -23.91983 0 0 0 1
59 0 -0.8079249 -0.0272995 -0.588653 -7.810995 -0.0147367 0.9995499 -0.02612927 271.2549 0.5891014 -0.01243568 -0.8079636 -24.44216 0 0 0 1
59 1 -0.8079249 -0.0272995 -0.588653 -8.343719 -0.0147367 0.9995499 -0.02612927 271.2549 0.5891014 -0.01243568 -0.8079636 -24.44216 0 0 0 1
60 0 -0.80775 -0.02717574 -0.5888987 -7.782669 -0.01495428 0.9995601 -0.0256147 271.2628 0.5893357 -0.01188372 -0.807801 -24.82922 0 0 0 1
60 1 -0.80775 -0.02717574 -0.5888987 -8.315393 -0.01495428 0.9995601 -0.0256147 271.2628 0.5893357 -0.01188372 -0.807801 -24.82922 0 0 0 1
61 0 -0.8078051 -0.02732177 -0.5888162 -7.818028 -0.01526165 0.9995598 -0.02544308 271.2632 0.5892521 -0.01156674 -0.8078665 -25.29275 0 0 0 1
61 1 -0.8078051 -0.02732177 -0.5888162 -8.350755 -0.01526165 0.9995598 -0.02544308 271.2632 0.5892521 -0.01156674 -0.8078665 -25.29275 0 0 0 1
62 0 -0.8079331 -0.02739673 -0.5886372 -7.830836 -0.01530425 0.9995573 -0.02551621 271.2547 0.5890756 -0.01160674 -0.8079946 -25.92108 0 0 0 1
62 1 -0.8079331 -0.02739673 -0.5886372 -8.363562 -0.01530425 0.9995573 -0.02551621 271.2547 0.5890756 -0.01160674 -0.8079946 -25.92108 0 0 0 1
63 0 -0.8078051 -0.0279339 -0.5887879 -7.979641 -0.01654133 0.9995574 -0.0247277 271.2798 0.589218 -0.01023582 -0.8079096 -26.12352 0 0 0 1
63 1 -0.8078051 -0.0279339 -0.5887879 -8.512366 -0.01654133 0.9995574 -0.0247277 271.2798 0.589218 -0.01023582 -0.8079096 -26.12352 0 0 0 1
64 0 -0.8077935 -0.0274507 -0.5888261 -7.848196 -0.01753759 0.9995921 -0.02254104 271.3393 0.5892047 -0.007881918 -0.8079454 -26.12519 0 0 0 1
64 1 -0.8077935 -0.0274507 -0.5888261 -8.380922 -0.01753759 0.9995921 -0.02254104 271.3393 0.5892047 -0.007881918 -0.8079454 -26.12519 0 0 0 1
65 0 -0.8078488 -0.02710625 -0.5887662 -7.751751 -0.01857531 0.9996166 -0.02053415 271.3964 0.589097 -0.005651971 -0.8080426 -26.1045 0 0 0 1
65 1 -0.8078488 -0.02710625 -0.5887662 -8.284476 -0.01857531 0.9996166 -0.02053415 271.3964 0.589097 -0.005651971 -0.8080426 -26.1045 0 0 0 1
66 0 -0.8076464 -0.02700952 -0.5890485 -7.733014 -0.01955952 0.9996278 -0.01901761 271.4417 0.589343 -0.003837992 -0.8078741 -26.19519 0 0 0 1
66 1 -0.8076464 -0.02700952 -0.5890485 -8.265738 -0.01955952 0.9996278 -0.01901761 271.4416 0.589343 -0.003837992 -0.8078741 -26.19519 0 0 0 1
67 0 -0.8074527 -0.02721756 -0.5893044 -7.796195 -0.02053833 0.9996265 -0.01802747 271.4743 0.589575 -0.002452999 -0.8077101 -26.45867 0 0 0 1
67 1 -0.8074527 -0.02721756 -0.5893044 -8.328919 -0.02053833 0.9996265 -0.01802747 271.4743 0.589575 -0.002452999 -0.8077101 -26.45867 0 0 0 1
68 0 -0.8074342 -0.02732154 -0.589325 -7.82369 -0.02076809 0.9996243 -0.01788896 271.4788 0.5895922 -0.002204997 -0.8076981 -26.96992 0 0 0 1
68 1 -0.8074342 -0.02732154 -0.589325 -8.356416 -0.02076809 0.9996243 -0.01788896 271.4788 0.5895922 -0.002204997 -0.8076981 -26.96992 0 0 0 1
69 0 -0.8072306 -0.02740451 -0.5895998 -7.853976 -0.02090332 0.9996223 -0.01784322 271.4801 0.5898662 -0.002078998 -0.8074985 -27.51243 0 0 0 1
69 1 -0.8072306 -0.02740451 -0.5895998 -8.386702 -0.02090332 0.9996223 -0.01784322 271.4801 0.5898662 -0.002078998 -0.8074985 -27.51243 0 0 0 1
70 0 -0.8069528 -0.02732255 -0.5899837 -7.844016 -0.02086118 0.9996246 -0.01776034 271.4806 0.5902475 -0.002023999 -0.80722 -28.12999 0 0 0 1
70 1 -0.8069528 -0.02732255 -0.5899837 -8.376743 -0.02086118 0.9996246 -0.01776034 271.4807 0.5902475 -0.002023999 -0.80722 -28.12999 0 0 0 1
71 0 -0.8068807 -0.02705265 -0.5900949 -7.774162 -0.02070653 0.9996322 -0.01751414 271.4847 0.5903516 -0.001912999 -0.807144 -28.67318 0 0 0 1
71 1 -0.8068807 -0.02705265 -0.5900949 -8.306887 -0.02070653 0.9996322 -0.01751414 271.4847 0.5903516 -0.001912999 -0.807144 -28.67317 0 0 0 1
72 0 -0.806792 -0.02738954 -0.5902004 -7.868537 -0.02117567 0.9996236 -0.01744302 271.4907 0.5904559 -0.001574999 -0.8070683 -29.15322 0 0 0 1
72 1 -0.806792 -0.02738954 -0.5902004 -8.401261 -0.02117567 0.9996236 -0.01744302 271.4907 0.5904559 -0.001574999 -0.8070683 -29.15322 0 0 0 1
73 0 -0.8064984 -0.02792235 -0.5905768 -8.025364 -0.02185431 0.9996095 -0.01741684 271.4981 0.5908325 -0.00114 -0.8067936 -29.66112 0 0 0 1
73 1 -0.8064984 -0.02792235 -0.5905768 -8.558089 -0.02185431 0.9996095 -0.01741684 271.4981 0.5908325 -0.00114 -0.8067936 -29.66112 0 0 0 1
74 0 -0.8064026 -0.02774141 -0.5907162 -7.981008 -0.02151563 0.9996141 -0.01757265 271.4891 0.5909758 -0.001461001 -0.8066882 -30.31477 0 0 0 1
74 1 -0.8064026 -0.02774141 -0.5907162 -8.513732 -0.02151563 0.9996141 -0.01757265 271.4891 0.5909758 -0.001461001 -0.8066882 -30.31477 0 0 0 1
75 0 -0.8063164 -0.02755649 -0.5908425 -7.935004 -0.0214584 0.9996194 -0.01733753 271.4945 0.5910953 -0.001301001 -0.8066008 -30.89128 0 0 0 1
75 1 -0.8063164 -0.02755649 -0.5908425 -8.467728 -0.0214584 0.9996194 -0.01733753 271.4945 0.5910953 -0.001301001 -0.8066008 -30.89128 0 0 0 1
76 0 -0.8060341 -0.02793536 -0.5912097 -8.051729 -0.02198306 0.9996093 -0.0172618 271.5024 0.5914609 -0.0009169988 -0.8063333 -31.34798 0 0 0 1
76 1 -0.8060341 -0.02793536 -0.5912097 -8.584454 -0.02198306 0.9996093 -0.0172618 271.5024 0.5914609 -0.0009169988 -0.8063333 -31.34798 0 0 0 1
77 0 -0.8058776 -0.02809329 -0.5914154 -8.102262 -0.02207633 0.9996048 -0.01740126 271.4988 0.5916705 -0.0009669997 -0.8061793 -31.91898 0 0 0 1
77 1 -0.8058776 -0.02809329 -0.5914154 -8.634987 -0.02207633 0.9996048 -0.01740126 271.4988 0.5916705 -0.0009669997 -0.8061793 -31.91897 0 0 0 1
78 0 -0.8058132 -0.02822123 -0.5914969 -8.139858 -0.02198822 0.9996009 -0.01773732 271.4866 0.5917614 -0.001287 -0.8061122 -32.61549 0 0 0 1
78 1 -0.8058132 -0.02822123 -0.5914969 -8.672584 -0.02198822 0.9996009 -0.01773732 271.4867 0.5917614 -0.001287 -0.8061122 -32.61549 0 0 0 1
79 0 -0.8056198 -0.02846314 -0.5917491 -8.215672 -0.02235107 0.9995943 -0.01765129 271.4934 0.5920115 -0.0009940006 -0.8059292 -33.08696 0 0 0 1
79 1 -0.8056198 -0.02846314 -0.5917491 -8.748397 -0.02235107 0.9995943 -0.01765129 271.4934 0.5920115 -0.0009940006 -0.8059292 -33.08696 0 0 0 1
80 0 -0.8053424 -0.02850513 -0.5921245 -8.242492 -0.02248451 0.9995933 -0.01753991 271.4982 0.5923837 -0.0008119997 -0.8056558 -33.58542 0 0 0 1
80 1 -0.8053424 -0.02850513 -0.5921245 -8.775217 -0.02248451 0.9995933 -0.01753991 271.4982 0.5923837 -0.0008119997 -0.8056558 -33.58542 0 0 0 1
81 0 -0.8052971 -0.02807127 -0.5922067 -8.12769 -0.0215703 0.9996043 -0.01805057 271.4685 0.5924791 -0.001761999 -0.8055841 -34.44158 0 0 0 1
81 1 -0.8052971 -0.02807127 -0.5922067 -8.660418 -0.0215703 0.9996043 -0.01805057 271.4686 0.5924791 -0.001761999 -0.8055841 -34.44158 0 0 0 1
82 0 -0.8051884 -0.02816619 -0.5923498 -8.159998 -0.02122909 0.9996002 -0.01867395 271.4421 0.592639 -0.002460999 -0.8054645 -35.17284 0 0 0 1
82 1 -0.8051884 -0.02816619 -0.5923498 -8.692721 -0.02122909 0.9996002 -0.01867395 271.4421 0.592639 -0.002460999 -0.8054645 -35.17284 0 0 0 1
83 0 -0.8048736 -0.0281352 -0.5927792 -8.170191 -0.02111647 0.9996008 -0.01877239 271.4357 0.5930706 -0.002591997 -0.8051465 -35.80062 0 0 0 1
83 1 -0.8048736 -0.0281352 -0.5927792 -8.702911 -0.02111647 0.9996008 -0.01877239 271.4357 0.5930706 -0.002591997 -0.8051465 -35.80062 0 0 0 1
84 0 -0.8047714 -0.02771631 -0.5929378 -8.063595 -0.02042379 0.9996108 -0.01900544 271.4159 0.5932338 -0.003184995 -0.8050243 -36.4971 0 0 0 1
84 1 -0.8047714 -0.02771631 -0.5929378 -8.596319 -0.02042379 0.9996108 -0.01900544 271.4159 0.5932338 -0.003184995 -0.8050243 -36.4971 0 0 0 1
85 0 -0.8047634 -0.02803515 -0.5929334 -8.149546 -0.02042287 0.9996004 -0.01954412 271.3955 0.5932444 -0.003618993 -0.8050145 -37.14809 0 0 0 1
85 1 -0.8047634 -0.02803515 -0.5929334 -8.682268 -0.02042287 0.9996004 -0.01954412 271.3955 0.5932444 -0.003618993 -0.8050145 -37.14809 0 0 0 1
86 0 -0.8047233 -0.02832504 -0.5929743 -8.229416 -0.02074296 0.9995927 -0.01959809 271.3966 0.5932879 -0.003470993 -0.8049831 -37.69316 0 0 0 1
86 1 -0.8047233 -0.02832504 -0.5929743 -8.762138 -0.02074296 0.9995927 -0.01959809 271.3966 0.5932879 -0.003470993 -0.8049831 -37.69316 0 0 0 1
87 0 -0.8046671 -0.02856196 -0.5930389 -8.295439 -0.02103647 0.9995866 -0.01959871 271.3994 0.5933535 -0.003294995 -0.8049353 -38.17546 0 0 0 1
87 1 -0.8046671 -0.02856196 -0.5930389 -8.828167 -0.02103647 0.9995866 -0.01959871 271.3995 0.5933535 -0.003294995 -0.8049353 -38.17546 0 0 0 1
88 0 -0.8049006 -0.02816509 -0.592741 -8.173918 -0.02051847 0.9995967 -0.01963489 271.3879 0.5930549 -0.003641993 -0.8051538 -38.7983 0 0 0 1
88 1 -0.8049006 -0.02816509 -0.592741 -8.706642 -0.02051847 0.9995967 -0.01963489 271.3879 0.5930549 -0.003641993 -0.8051538 -38.7983 0 0 0 1
89 0 -0.8049535 -0.02810906 -0.5926722 -8.154886 -0.02019981 0.9995964 -0.01997364 271.3681 0.5929944 -0.004105988 -0.8051964 -39.50336 0 0 0 1
89 1 -0.8049535 -0.02810906 -0.5926722 -8.687613 -0.02019981 0.9995964 -0.01997364 271.3681 0.5929944 -0.004105988 -0.8051964 -39.50336 0 0 0 1
90 0 -0.8049357 -0.02821002 -0.5926912 -8.182198 -0.02025922 0.9995934 -0.02006303 271.3636 0.5930161 -0.004141988 -0.80518 -40.03789 0 0 0 1
90 1 -0.8049357 -0.02821002 -0.5926912 -8.714922 -0.02025922 0.9995934 -0.02006303 271.3637 0.5930161 -0.004141988 -0.80518 -40.03789 0 0 0 1
91 0 -0.8050786 -0.02842293 -0.5924868 -8.22933 -0.02044814 0.9995875 -0.02016728 271.3609 0.5928156 -0.004120991 -0.8053278 -40.55542 0 0 0 1
91 1 -0.8050786 -0.02842293 -0.5924868 -8.762054 -0.02044814 0.9995875 -0.02016728 271.3609 0.5928156 -0.004120991 -0.8053278 -40.55542 0 0 0 1
92 0 -0.8052796 -0.028259 -0.5922219 -8.170712 -0.02030145 0.999592 -0.02009235 271.3588 0.5925481 -0.004156988 -0.8055247 -41.13852 0 0 0 1
92 1 -0.8052796 -0.028259 -0.5922219 -8.703438 -0.02030145 0.999592 -0.02009235 271.3588 0.5925481 -0.004156988 -0.8055247 -41.13852 0 0 0 1
93 0 -0.8052429 -0.02873585 -0.5922484 -8.300787 -0.02095383 0.9995802 -0.02000995 271.3716 0.5925748 -0.003702991 -0.8055069 -41.53484 0 0 0 1
93 1 -0.8052429 -0.02873585 -0.5922484 -8.833513 -0.02095383 0.9995802 -0.02000995 271.3716 0.5925748 -0.003702991 -0.8055069 -41.53484 0 0 0 1
94 0 -0.8052945 -0.02878686 -0.592176 -8.310015 -0.02122907 0.9995801 -0.0197224 271.3857 0.5924951 -0.003310995 -0.8055675 -41.99719 0 0 0 1
94 1 -0.8052945 -0.02878686 -0.592176 -8.842737 -0.02122907 0.9995801 -0.0197224 271.3857 0.5924951 -0.003310995 -0.8055675 -41.99719 0 0 0 1
95 0 -0.8054606 -0.02848397 -0.5919645 -8.215857 -0.02086945 0.9995881 -0.01970173 271.3781 0.5922818 -0.003514992 -0.8057232 -42.56731 0 0 0 1
95 1 -0.8054606 -0.02848397 -0.5919645 -8.748581 -0.02086945 0.9995881 -0.01970173 271.3781 0.5922818 -0.003514992 -0.8057232 -42.56731 0 0 0 1
96 0 -0.8055851 -0.02825508 -0.591806 -8.144117 -0.02076005 0.999595 -0.01946525 271.3837 0.5921163 -0.003394994 -0.8058455 -43.04748 0 0 0 1
96 1 -0.8055851 -0.02825508 -0.591806 -8.676844 -0.02076005 0.999595 -0.01946525 271.3837 0.5921163 -0.003394994 -0.8058455 -43.04748 0 0 0 1
97 0 -0.8055849 -0.02817111 -0.5918105 -8.121059 -0.0206615 0.9995972 -0.01945753 271.3802 0.5921202 -0.003446994 -0.8058425 -43.62339 0 0 0 1
97 1 -0.8055849 -0.02817111 -0.5918105 -8.653786 -0.0206615 0.9995972 -0.01945753 271.3802 0.5921202 -0.003446994 -0.8058425 -43.62339 0 0 0 1
98 0 -0.8056138 -0.02846895 -0.5917569 -8.197136 -0.02070961 0.9995875 -0.01989545 271.3617 0.5920793 -0.00377299 -0.805871 -44.21949 0 0 0 1
98 1 -0.8056138 -0.02846895 -0.5917569 -8.72986 -0.02070961 0.9995875 -0.01989545 271.3617 0.5920793 -0.00377299 -0.805871 -44.21949 0 0 0 1
99 0 -0.8057754 -0.02848994 -0.5915357 -8.189657 -0.02071125 0.9995868 -0.01993041 271.3584 0.5918591 -0.003807991 -0.8060325 -44.73553 0 0 0 1
99 1 -0.8057754 -0.02848994 -0.5915357 -8.722382 -0.02071125 0.9995868 -0.01993041 271.3584 0.5918591 -0.003807991 -0.8060325 -44.73553 0 0 0 1
100 0 -0.8058378 -0.02855496 -0.5914477 -8.201305 -0.02100143 0.9995864 -0.0196457 271.374 0.5917641 -0.003409993 -0.8061042 -45.18134 0 0 0 1
100 1 -0.8058378 -0.02855496 -0.5914477 -8.734034 -0.02100143 0.9995864 -0.0196457 271.374 0.5917641 -0.003409993 -0.8061042 -45.18134 0 0 0 1
101 0 -0.8057189 -0.02847801 -0.5916134 -8.188625 -0.02109648 0.9995895 -0.01938511 271.3851 0.5919226 -0.003137995 -0.8059889 -45.60833 0 0 0 1
101 1 -0.8057189 -0.02847801 -0.5916134 -8.72135 -0.02109648 0.9995895 -0.01938511 271.3851 0.5919226 -0.003137995 -0.8059889 -45.60833 0 0 0 1
102 0 -0.8057137 -0.02771633 -0.5916564 -7.983631 -0.0205766 0.9996114 -0.01880603 271.3969 0.5919478 -0.002977996 -0.8059709 -46.11281 0 0 0 1
102 1 -0.8057137 -0.02771633 -0.5916564 -8.516357 -0.0205766 0.9996114 -0.01880603 271.3969 0.5919478 -0.002977996 -0.8059709 -46.11281 0 0 0 1
103 0 -0.805616 -0.02765038 -0.5917928 -7.972513 -0.0207436 0.9996143 -0.01846651 271.4133 0.592075 -0.002600997 -0.8058788 -46.50606 0 0 0 1
103 1 -0.805616 -0.02765038 -0.5917928 -8.505239 -0.0207436 0.9996143 -0.01846651 271.4133 0.592075 -0.002600997 -0.8058788 -46.50606 0 0 0 1
104 0 -0.8054116 -0.02795729 -0.5920565 -8.068901 -0.02122529 0.9996067 -0.01832799 271.4283 0.592336 -0.002194999 -0.8056883 -46.88843 0 0 0 1
104 1 -0.8054116 -0.02795729 -0.5920565 -8.601624 -0.02122529 0.9996067 -0.01832799 271.4282 0.592336 -0.002194999 -0.8056883 -46.88843 0 0 0 1
105 0 -0.8050886 -0.02826016 -0.5924811 -8.173563 -0.02136514 0.9995978 -0.01864694 271.4164 0.5927699 -0.002353997 -0.8053687 -47.46982 0 0 0 1
105 1 -0.8050886 -0.02826016 -0.5924811 -8.706287 -0.02136514 0.9995978 -0.01864694 271.4164 0.5927699 -0.002353997 -0.8053687 -47.46982 0 0 0 1
106 0 -0.8048871 -0.02802424 -0.5927663 -8.124874 -0.02101501 0.9996038 -0.01872311 271.4043 0.5930563 -0.002612997 -0.8051571 -48.02667 0 0 0 1
106 1 -0.8048871 -0.02802424 -0.5927663 -8.6576 -0.02101501 0.9996038 -0.01872311 271.4043 0.5930563 -0.002612997 -0.8051571 -48.02667 0 0 0 1
107 0 -0.8045532 -0.02766442 -0.5932361 -8.053408 -0.02113618 0.9996154 -0.01795002 271.4396 0.5935045 -0.001902999 -0.8048285 -48.3185 0 0 0 1
107 1 -0.8045532 -0.02766442 -0.5932361 -8.586132 -0.02113618 0.9996154 -0.01795002 271.4396 0.5935045 -0.001902999 -0.8048285 -48.3185 0 0 0 1
108 0 -0.8039693 -0.02775342 -0.5940232 -8.122643 -0.02156529 0.999614 -0.01751595 271.4674 0.5942799 -0.001271999 -0.8042575 -48.6767 0 0 0 1
108 1 -0.8039693 -0.02775342 -0.5940232 -8.655367 -0.02156529 0.999614 -0.01751595 271.4674 0.5942799 -0.001271999 -0.8042575 -48.6767 0 0 0 1
109 0 -0.8034805 -0.02797633 -0.5946735 -8.219522 -0.02175401 0.9996078 -0.01763394 271.466 0.5949336 -0.001232 -0.803774 -49.14445 0 0 0 1
109 1 -0.8034805 -0.02797633 -0.5946735 -8.752249 -0.02175401 0.9996078 -0.01763394 271.4659 0.5949336 -0.001232 -0.803774 -49.14445 0 0 0 1
110 0 -0.8030972 -0.02765644 -0.595206 -8.162945 -0.02132579 0.9996164 -0.01767313 271.4538 0.5954664 -0.001499999 -0.8033789 -49.69261 0 0 0 1
110 1 -0.8030972 -0.02765644 -0.595206 -8.695671 -0.02132579 0.9996164 -0.01767313 271.4539 0.5954664 -0.001499999 -0.8033789 -49.6926 0 0 0 1
111 0 -0.8025889 -0.02755648 -0.5958958 -8.175875 -0.02127988 0.9996192 -0.01756514 271.4569 0.5961529 -0.001417 -0.8028698 -50.18997 0 0 0 1
111 1 -0.8025889 -0.02755648 -0.5958958 -8.708601 -0.02127988 0.9996192 -0.01756514 271.4569 0.5961529 -0.001417 -0.8028698 -50.18997 0 0 0 1
112 0 -0.8020514 -0.02800033 -0.5965986 -8.337934 -0.02188854 0.9996074 -0.01748849 271.4742 0.5968541 -0.000967999 -0.8023496 -50.53889 0 0 0 1
112 1 -0.8020514 -0.02800033 -0.5965986 -8.870661 -0.02188854 0.9996074 -0.01748849 271.4742 0.5968541 -0.000967999 -0.8023496 -50.53888 0 0 0 1
113 0 -0.8014196 -0.02813328 -0.5974407 -8.424486 -0.02206639 0.9996039 -0.0174707 271.4788 0.5976955 -0.0008179983 -0.801723 -51.01276 0 0 0 1
113 1 -0.8014196 -0.02813328 -0.5974407 -8.957214 -0.02206639 0.9996039 -0.0174707 271.4788 0.5976955 -0.0008179983 -0.801723 -51.01276 0 0 0 1
114 0 -0.8009905 -0.02794335 -0.5980247 -8.407869 -0.02177344 0.999609 -0.0175446 271.468 0.5982811 -0.001032 -0.8012856 -51.53558 0 0 0 1
114 1 -0.8009905 -0.02794335 -0.5980247 -8.940596 -0.02177344 0.999609 -0.0175446 271.468 0.5982811 -0.001032 -0.8012856 -51.53558 0 0 0 1
115 0 -0.8005259 -0.02787538 -0.5986494 -8.428156 -0.02175986 0.999611 -0.01744794 271.4718 0.5989029 -0.0009409999 -0.8008211 -51.97329 0 0 0 1
115 1 -0.8005259 -0.02787538 -0.5986494 -8.960882 -0.02175986 0.999611 -0.01744794 271.4718 0.5989029 -0.0009409999 -0.8008211 -51.97329 0 0 0 1
116 0 -0.7998272 -0.02825323 -0.5995647 -8.588444 -0.02211349 0.9996005 -0.01760438 271.4727 0.5998226 -0.0008220002 -0.8001324 -52.44625 0 0 0 1
116 1 -0.7998272 -0.02825323 -0.5995647 -9.121168 -0.02211349 0.9996005 -0.01760438 271.4727 0.5998226 -0.0008220002 -0.8001324 -52.44624 0 0 0 1
117 0 -0.7993104 -0.0283322 -0.6002504 -8.653072 -0.02218253 0.9995983 -0.0176428 271.4723 0.600509 -0.0007870002 -0.7996178 -52.89317 0 0 0 1
117 1 -0.7993104 -0.0283322 -0.6002504 -9.185797 -0.02218253 0.9995983 -0.0176428 271.4723 0.600509 -0.0007870002 -0.7996178 -52.89317 0 0 0 1
118 0 -0.7989535 -0.02807829 -0.6007369 -8.614771 -0.02182885 0.9996052 -0.01768989 271.4608 0.6009964 -0.00102 -0.7992511 -53.40997 0 0 0 1
118 1 -0.7989535 -0.02807829 -0.6007369 -9.147499 -0.02182885 0.9996052 -0.01768989 271.4608 0.6009964 -0.00102 -0.7992511 -53.40997 0 0 0 1
119 0 -0.7984605 -0.02829622 -0.6013819 -8.715286 -0.02214805 0.9995993 -0.01762697 271.4715 0.6016397 -0.000754999 -0.7987672 -53.8326 0 0 0 1
119 1 -0.7984605 -0.02829622 -0.6013819 -9.248013 -0.02214805 0.9995993 -0.01762697 271.4715 0.6016397 -0.000754999 -0.7987672 -53.8326 0 0 0 1
120 0 -0.7978756 -0.02864907 -0.6021411 -8.860556 -0.02238988 0.9995892 -0.0178911 271.4646 0.6024064 -0.0007930007 -0.7981894 -54.28862 0 0 0 1
120 1 -0.7978756 -0.02864907 -0.6021411 -9.39328 -0.02238988 0.9995892 -0.0178911 271.4646 0.6024064 -0.0007930007 -0.7981894 -54.28862 0 0 0 1
121 0 -0.7973404 -0.02878202 -0.6028433 -8.94309 -0.02257726 0.9995855 -0.01786258 271.4706 0.6031076 -0.0006320011 -0.7976598 -54.68723 0 0 0 1
121 1 -0.7973404 -0.02878202 -0.6028433 -9.475813 -0.02257726 0.9995855 -0.01786258 271.4705 0.6031076 -0.0006320011 -0.7976598 -54.68723 0 0 0 1
122 0 -0.7969544 -0.02890997 -0.6033472 -9.011135 -0.02276937 0.9995819 -0.01782014 271.4774 0.6036102 -0.0004640017 -0.7972795 -55.12476 0 0 0 1
122 1 -0.7969544 -0.02890997 -0.6033472 -9.543861 -0.02276937 0.9995819 -0.01782014 271.4774 0.6036102 -0.0004640017 -0.7972795 -55.12477 0 0 0 1
123 0 -0.796607 -0.02912388 -0.6037959 -9.09918 -0.02309289 0.9995758 -0.01774701 271.4894 0.6040567 -0.0001939991 -0.7969416 -55.48567 0 0 0 1
123 1 -0.796607 -0.02912388 -0.6037959 -9.631905 -0.02309289 0.9995758 -0.01774701 271.4894 0.6040567 -0.0001939991 -0.7969416 -55.48567 0 0 0 1
124 0 -0.7963008 -0.0297576 -0.6041687 -9.296419 -0.02399857 0.999557 -0.01760162 271.5206 0.6044248 0.0004829997 -0.7966622 -55.77515 0 0 0 1
124 1 -0.7963008 -0.0297576 -0.6041687 -9.829145 -0.02399857 0.999557 -0.01760162 271.5206 0.6044248 0.0004829997 -0.7966622 -55.77515 0 0 0 1
125 0 -0.7960932 -0.03010045 -0.6044252 -9.406645 -0.02418113 0.9995468 -0.01792841 271.5092 0.6046909 0.0003430005 -0.7964603 -56.23756 0 0 0 1
125 1 -0.7960932 -0.03010045 -0.6044252 -9.939365 -0.02418113 0.9995468 -0.01792841 271.5092 0.6046909 0.0003430005 -0.7964603 -56.23756 0 0 0 1
126 0 -0.7960044 -0.03041131 -0.6045262 -9.498032 -0.02419151 0.9995375 -0.0184288 271.4842 0.6048071 -4.499964E-05 -0.7963718 -56.76309 0 0 0 1
126 1 -0.7960044 -0.03041131 -0.6045262 -10.03076 -0.02419151 0.9995375 -0.0184288 271.4842 0.6048071 -4.499964E-05 -0.7963718 -56.76309 0 0 0 1
127 0 -0.7960759 -0.03014443 -0.6044459 -9.420198 -0.02395311 0.9995456 -0.01830147 271.4842 0.6047229 -9.100046E-05 -0.7964362 -57.23411 0 0 0 1
127 1 -0.7960759 -0.03014443 -0.6044459 -9.952927 -0.02395311 0.9995456 -0.01830147 271.4842 0.6047229 -9.100046E-05 -0.7964362 -57.23411 0 0 0 1
128 0 -0.796119 -0.03024939 -0.6043837 -9.444155 -0.02428369 0.9995424 -0.0180396 271.5067 0.6046528 0.0003150012 -0.7964891 -57.53667 0 0 0 1
128 1 -0.796119 -0.03024939 -0.6043837 -9.976883 -0.02428369 0.9995424 -0.0180396 271.5067 0.6046528 0.0003150012 -0.7964891 -57.53667 0 0 0 1
129 0 -0.7961005 -0.03072417 -0.6043842 -9.573036 -0.02467252 0.9995279 -0.01831262 271.5033 0.6046615 0.0003330009 -0.7964827 -57.94022 0 0 0 1
129 1 -0.7961005 -0.03072417 -0.6043842 -10.10576 -0.02467252 0.9995279 -0.01831262 271.5033 0.6046615 0.0003330009 -0.7964827 -57.94022 0 0 0 1
130 0 -0.7961433 -0.03124192 -0.6043013 -9.707041 -0.02485192 0.9995118 -0.01893258 271.476 0.6045977 -5.499925E-05 -0.7965311 -58.49011 0 0 0 1
130 1 -0.7961433 -0.03124192 -0.6043013 -10.23977 -0.02485192 0.9995118 -0.01893258 271.476 0.6045977 -5.499925E-05 -0.7965311 -58.49011 0 0 0 1
131 0 -0.7963006 -0.03118694 -0.6040966 -9.677225 -0.02457597 0.9995134 -0.01920538 271.4539 0.6044016 -0.0004469994 -0.7966796 -58.9971 0 0 0 1
131 1 -0.7963006 -0.03118694 -0.6040966 -10.20995 -0.02457597 0.9995134 -0.01920538 271.4539 0.6044016 -0.0004469994 -0.7966796 -58.9971 0 0 0 1
132 0 -0.7964278 -0.03103502 -0.6039369 -9.624191 -0.02452957 0.9995182 -0.0190153 271.4625 0.6042361 -0.0003300002 -0.7968054 -59.40175 0 0 0 1
132 1 -0.7964278 -0.03103502 -0.6039369 -10.15692 -0.02452957 0.9995182 -0.0190153 271.4625 0.6042361 -0.0003300002 -0.7968054 -59.40175 0 0 0 1
133 0 -0.7964708 -0.03108499 -0.6038775 -9.633293 -0.02483917 0.9995167 -0.01868972 271.4885 0.6041666 0.0001140004 -0.796858 -59.67401 0 0 0 1
133 1 -0.7964708 -0.03108499 -0.6038775 -10.16602 -0.02483917 0.9995167 -0.01868972 271.4886 0.6041666 0.0001140004 -0.796858 -59.674 0 0 0 1
134 0 -0.7964288 -0.03138085 -0.6039177 -9.716179 -0.02500311 0.9995075 -0.01896318 271.4786 0.6042153 -3.000721E-06 -0.7968211 -60.09385 0 0 0 1
134 1 -0.7964288 -0.03138085 -0.6039177 -10.2489 -0.02500311 0.9995075 -0.01896318 271.4786 0.6042153 -3.000721E-06 -0.7968211 -60.09385 0 0 0 1
135 0 -0.7963837 -0.03174566 -0.6039581 -9.817648 -0.02547282 0.9994959 -0.01894755 271.493 0.6042552 0.0002949992 -0.796791 -60.43683 0 0 0 1
135 1 -0.7963837 -0.03174566 -0.6039581 -10.35037 -0.02547282 0.9994959 -0.01894755 271.493 0.6042552 0.0002949992 -0.796791 -60.43683 0 0 0 1
136 0 -0.7963187 -0.03185661 -0.6040381 -9.853151 -0.02561731 0.9994923 -0.0189407 271.4977 0.6043348 0.0003910009 -0.7967305 -60.79073 0 0 0 1
136 1 -0.7963187 -0.03185661 -0.6040381 -10.38587 -0.02561731 0.9994923 -0.0189407 271.4977 0.6043348 0.0003910009 -0.7967305 -60.79073 0 0 0 1
137 0 -0.7961833 -0.03210748 -0.6042029 -9.932932 -0.02555365 0.9994844 -0.01943973 271.4687 0.6045156 -3.800076E-05 -0.7965933 -61.2832 0 0 0 1
137 1 -0.7961833 -0.03210748 -0.6042029 -10.46566 -0.02555365 0.9994844 -0.01943973 271.4687 0.6045156 -3.800076E-05 -0.7965933 -61.28319 0 0 0 1
138 0 -0.7959135 -0.03197454 -0.6045654 -9.923937 -0.02515758 0.9994885 -0.01974135 271.4404 0.6048874 -0.0005030008 -0.7963108 -61.81829 0 0 0 1
138 1 -0.7959135 -0.03197454 -0.6045654 -10.45667 -0.02515758 0.9994885 -0.01974135 271.4404 0.6048874 -0.0005030008 -0.7963108 -61.81829 0 0 0 1
139 0 -0.7955381 -0.03203752 -0.6050562 -9.978455 -0.02536933 0.9994866 -0.01956647 271.4562 0.6053724 -0.0002159989 -0.7959424 -62.10927 0 0 0 1
