frame cameraID r1,1 r1,2 r1,3 t1 r2,1 r2,2 r2,3 t2 r3,1 r3,2 r3,3 t3 0 0 0 1
0 0 0.810019 0.0248937 0.585875 2.808903 -0.01569298 0.9996609 -0.02077859 114.6209 -0.5861937 0.007636926 0.810135 -0.2602492 0 0 0 1
0 1 0.810019 0.0248937 0.585875 2.276178 -0.01569298 0.9996609 -0.02077859 114.6209 -0.5861937 0.007636926 0.810135 -0.2602491 0 0 0 1
1 0 0.8125422 0.02444901 0.5823894 3.069358 -0.01595246 0.9996784 -0.01971035 114.622 -0.582684 0.006724949 0.8126709 -1.515302 0 0 0 1
1 1 0.8125422 0.02444901 0.5823894 2.536633 -0.01595246 0.9996784 -0.01971035 114.622 -0.582684 0.006724949 0.8126709 -1.515302 0 0 0 1
2 0 0.8149626 0.02587269 0.5789357 3.546504 -0.0177777 0.9996489 -0.01964889 114.6144 -0.5792408 0.00572097 0.8151364 -2.778611 0 0 0 1
2 1 0.8149626 0.02587269 0.5789357 3.013779 -0.0177777 0.9996489 -0.01964889 114.6144 -0.5792408 0.00572097 0.8151364 -2.778611 0 0 0 1
3 0 0.817385 0.02692048 0.5754625 4.003241 -0.01942358 0.9996275 -0.01917398 114.6037 -0.5757644 0.004494984 0.8176033 -4.180473 0 0 0 1
3 1 0.817385 0.02692048 0.5754625 3.470515 -0.01942358 0.9996275 -0.01917398 114.6037 -0.5757644 0.004494984 0.8176033 -4.180473 0 0 0 1
4 0 0.8197652 0.02790507 0.5720196 4.422151 -0.02021545 0.9995997 -0.019793 114.5972 -0.5723429 0.004661983 0.8200011 -5.311024 0 0 0 1
4 1 0.8197652 0.02790507 0.5720196 3.889426 -0.02021545 0.9995997 -0.019793 114.5972 -0.5723429 0.004661983 0.8200011 -5.311023 0 0 0 1
5 0 0.8219831 0.02733008 0.5688558 4.662388 -0.01897064 0.9996075 -0.02061298 114.6063 -0.5691959 0.006151961 0.822179 -6.289764 0 0 0 1
5 1 0.8219831 0.02733008 0.5688558 4.129663 -0.01897064 0.9996075 -0.02061298 114.6063 -0.5691959 0.006151961 0.822179 -6.289765 0 0 0 1
6 0 0.8246378 0.02522051 0.5650987 4.775211 -0.01625806 0.9996496 -0.02088956 114.6287 -0.5654275 0.008038914 0.8247588 -7.333548 0 0 0 1
6 1 0.8246378 0.02522051 0.5650987 4.242486 -0.01625806 0.9996496 -0.02088956 114.6287 -0.5654275 0.008038914 0.8247588 -7.333548 0 0 0 1
7 0 0.8269725 0.02243927 0.5617945 4.779361 -0.01367118 0.9997104 -0.01980632 114.6491 -0.5620762 0.008698891 0.8270397 -8.408623 0 0 0 1
7 1 0.8269725 0.02243927 0.5617945 4.246636 -0.01367118 0.9997104 -0.01980632 114.6491 -0.5620762 0.008698891 0.8270397 -8.408623 0 0 0 1
8 0 0.8290707 0.02068594 0.5587609 4.908181 -0.01292281 0.9997574 -0.01783767 114.6496 -0.5589944 0.007567927 0.8291369 -9.683424 0 0 0 1
8 1 0.8290707 0.02068594 0.5587609 4.375456 -0.01292281 0.9997574 -0.01783767 114.6496 -0.5589944 0.007567927 0.8291369 -9.683425 0 0 0 1
9 0 0.8310643 0.01808165 0.5558824 4.970845 -0.01151932 0.9998166 -0.01530007 114.6511 -0.556057 0.006311958 0.8311201 -11.0884 0 0 0 1
9 1 0.8310643 0.01808165 0.5558824 4.43812 -0.01151932 0.9998166 -0.01530007 114.6511 -0.556057 0.006311958 0.8311201 -11.0884 0 0 0 1
10 0 0.8323895 0.01984856 0.5538355 5.494119 -0.01443997 0.9997959 -0.01412843 114.6115 -0.5540029 0.003762992 0.8325062 -12.52784 0 0 0 1
10 1 0.8323895 0.01984856 0.5538355 4.961394 -0.01443997 0.9997959 -0.01412843 114.6115 -0.5540029 0.003762992 0.8325062 -12.52784 0 0 0 1
11 0 0.8336912 0.02073652 0.5518415 5.946933 -0.0173269 0.9997849 -0.01139235 114.5504 -0.551959 -6.400095E-05 0.8338712 -14.22805 0 0 0 1
11 1 0.8336912 0.02073652 0.5518415 5.414207 -0.0173269 0.9997849 -0.01139235 114.5504 -0.551959 -6.400095E-05 0.8338712 -14.22805 0 0 0 1
12 0 0.8350545 0.02426862 0.5496318 6.678966 -0.02015059 0.9997054 -0.01352655 114.525 -0.5497982 0.0002200003 0.8352975 -15.3422 0 0 0 1
12 1 0.8350545 0.02426862 0.5496318 6.14624 -0.02015059 0.9997054 -0.01352655 114.525 -0.5497982 0.0002200003 0.8352975 -15.3422 0 0 0 1
13 0 0.8361233 0.02669778 0.5478914 7.280925 -0.02125318 0.9996416 -0.01627682 114.5287 -0.5481296 0.001964999 0.8363912 -16.29047 0 0 0 1
13 1 0.8361233 0.02669778 0.5478914 6.748199 -0.02125318 0.9996416 -0.01627682 114.5287 -0.5481296 0.001964999 0.8363912 -16.29047 0 0 0 1
14 0 0.8376173 0.02955434 0.5454574 7.975774 -0.02209396 0.9995512 -0.02023035 114.5499 -0.5458105 0.004893981 0.8378944 -17.21641 0 0 0 1
14 1 0.8376173 0.02955434 0.5454574 7.443049 -0.02209396 0.9995512 -0.02023035 114.5499 -0.5458105 0.004893981 0.8378944 -17.21641 0 0 0 1
15 0 0.8394136 0.0290623 0.5427155 8.274351 -0.02089621 0.9995567 -0.02120606 114.5777 -0.5430912 0.006459957 0.8396488 -18.17512 0 0 0 1
15 1 0.8394136 0.0290623 0.5427155 7.741627 -0.02089621 0.9995567 -0.02120606 114.5777 -0.5430912 0.006459957 0.8396488 -18.17512 0 0 0 1
16 0 0.8415197 0.03087944 0.5393432 8.850781 -0.02250196 0.9995021 -0.02211622 114.5587 -0.5397575 0.006474955 0.8417956 -19.30583 0 0 0 1
16 1 0.8415197 0.03087944 0.5393432 8.318057 -0.02250196 0.9995021 -0.02211622 114.5587 -0.5397575 0.006474955 0.8417956 -19.30583 0 0 0 1
17 0 0.8435861 0.03035598 0.5361353 9.164104 -0.02300655 0.9995273 -0.02039341 114.5263 -0.5365009 0.004868981 0.8438858 -20.61799 0 0 0 1
17 1 0.8435861 0.03035598 0.5361353 8.631379 -0.02300655 0.9995273 -0.02039341 114.5263 -0.5365009 0.004868981 0.8438858 -20.61799 0 0 0 1
18 0 0.8458766 0.03049793 0.532506 9.596998 -0.02328864 0.9995236 -0.02025157 114.5153 -0.53287 0.004728983 0.8461839 -21.87387 0 0 0 1
18 1 0.8458766 0.03049793 0.532506 9.064274 -0.02328864 0.9995236 -0.02025157 114.5153 -0.53287 0.004728983 0.8461839 -21.87387 0 0 0 1
19 0 0.8478402 0.03167 0.5293053 10.1108 -0.02331727 0.999476 -0.02245223 114.5423 -0.529739 0.006693949 0.8481343 -22.77608 0 0 0 1
19 1 0.8478402 0.03167 0.5293053 9.578071 -0.02331727 0.999476 -0.02245223 114.5423 -0.529739 0.006693949 0.8481343 -22.77608 0 0 0 1
20 0 0.8500959 0.03162929 0.5256773 10.53248 -0.02189132 0.9994543 -0.02473441 114.6049 -0.5261727 0.009518856 0.8503245 -23.68897 0 0 0 1
20 1 0.8500959 0.03162929 0.5256773 9.999755 -0.02189132 0.9994543 -0.02473441 114.6049 -0.5261727 0.009518856 0.8503245 -23.68897 0 0 0 1
21 0 0.8517205 0.03262788 0.5229795 11.02193 -0.02307498 0.9994268 -0.02477294 114.5807 -0.523488 0.009031875 0.8519852 -24.86809 0 0 0 1
21 1 0.8517205 0.03262788 0.5229795 10.4892 -0.02307498 0.9994268 -0.02477294 114.5807 -0.523488 0.009031875 0.8519852 -24.86808 0 0 0 1
22 0 0.8528992 0.03364785 0.5209903 11.4981 -0.02513527 0.9994102 -0.02339805 114.5107 -0.5214703 0.006860945 0.8532419 -26.24601 0 0 0 1
22 1 0.8528992 0.03364785 0.5209903 10.96537 -0.02513527 0.9994102 -0.02339805 114.5107 -0.5214703 0.006860945 0.8532419 -26.24601 0 0 0 1
23 0 0.8537263 0.03354019 0.5196407 11.86142 -0.02576831 0.999422 -0.02217248 114.4715 -0.520084 0.005538973 0.8540971 -27.64785 0 0 0 1
23 1 0.8537263 0.03354019 0.5196407 11.3287 -0.02576831 0.999422 -0.02217248 114.4715 -0.520084 0.005538973 0.8540971 -27.64785 0 0 0 1
24 0 0.854169 0.0330435 0.5189445 12.12885 -0.02542192 0.9994392 -0.02179491 114.4696 -0.5193737 0.005423974 0.85453 -28.79958 0 0 0 1
24 1 0.854169 0.0330435 0.5189445 11.59613 -0.02542192 0.9994392 -0.02179491 114.4696 -0.5193737 0.005423974 0.85453 -28.79957 0 0 0 1
25 0 0.8546444 0.03074201 0.5183028 12.19506 -0.02470607 0.9995227 -0.01854598 114.4217 -0.5186256 0.003044995 0.854996 -30.20374 0 0 0 1
25 1 0.8546444 0.03074201 0.5183028 11.66234 -0.02470607 0.9995227 -0.01854598 114.4217 -0.5186256 0.003044995 0.854996 -30.20374 0 0 0 1
26 0 0.855314 0.02986156 0.5172487 12.47189 -0.02565905 0.999554 -0.01527639 114.322 -0.5174743 -0.0002060006 0.8556988 -31.80413 0 0 0 1
26 1 0.855314 0.02986156 0.5172487 11.93916 -0.02565905 0.999554 -0.01527639 114.322 -0.5174743 -0.0002060006 0.8556988 -31.80413 0 0 0 1
27 0 0.8558986 0.03226538 0.5161362 13.0948 -0.02708569 0.9994788 -0.01756505 114.3216 -0.5164339 0.001054 0.8563264 -32.7761 0 0 0 1
27 1 0.8558986 0.03226538 0.5161362 12.56207 -0.02708569 0.9994788 -0.01756505 114.3216 -0.5164339 0.001054 0.8563264 -32.7761 0 0 0 1
28 0 0.8562533 0.03207111 0.5155596 13.40008 -0.02491293 0.9994733 -0.02079767 114.4466 -0.515955 0.00496398 0.8566012 -33.4533 0 0 0 1
28 1 0.8562533 0.03207111 0.5155596 12.86735 -0.02491293 0.9994733 -0.02079767 114.4466 -0.515955 0.00496398 0.8566012 -33.4533 0 0 0 1
29 0 0.8566572 0.03467471 0.5147195 14.06069 -0.02519232 0.99936 -0.02539506 114.5367 -0.5152706 0.008787887 0.8569825 -34.2474 0 0 0 1
29 1 0.8566572 0.03467471 0.5147195 13.52797 -0.02519232 0.99936 -0.02539506 114.5367 -0.5152706 0.008787887 0.8569825 -34.24741 0 0 0 1
30 0 0.8571979 0.03708779 0.5136499 14.67626 -0.02689122 0.9992662 -0.02727437 114.5272 -0.5142846 0.009566855 0.8575662 -35.27073 0 0 0 1
30 1 0.8571979 0.03708779 0.5136499 14.14353 -0.02689122 0.9992662 -0.02727437 114.5272 -0.5142846 0.009566855 0.8575662 -35.27073 0 0 0 1
31 0 0.8581032 0.03548798 0.5122495 14.85543 -0.0256511 0.9993259 -0.02626214 114.542 -0.5128363 0.009395862 0.858435 -36.3924 0 0 0 1
31 1 0.8581032 0.03548798 0.5122495 14.32271 -0.0256511 0.9993259 -0.02626214 114.542 -0.5128363 0.009395862 0.858435 -36.3924 0 0 0 1
32 0 0.8587257 0.03305257 0.5113686 14.94938 -0.02366673 0.9994109 -0.02485461 114.5711 -0.5118889 0.009240871 0.859002 -37.6251 0 0 0 1
32 1 0.8587257 0.03305257 0.5113686 14.41665 -0.02366673 0.9994109 -0.02485461 114.5711 -0.5118889 0.009240871 0.859002 -37.6251 0 0 0 1
33 0 0.8592083 0.0329999 0.5105605 15.27734 -0.02418126 0.9994218 -0.02390329 114.5303 -0.5110542 0.008191908 0.8595095 -38.84825 0 0 0 1
33 1 0.8592083 0.0329999 0.5105605 14.74462 -0.02418126 0.9994218 -0.02390329 114.5303 -0.5110542 0.008191908 0.8595095 -38.84825 0 0 0 1
34 0 0.8599753 0.03183777 0.5093417 15.50067 -0.02364847 0.9994661 -0.0225461 114.5117 -0.5097875 0.007343934 0.860269 -40.0374 0 0 0 1
34 1 0.8599753 0.03183777 0.5093417 14.96795 -0.02364847 0.9994661 -0.0225461 114.5117 -0.5097875 0.007343934 0.860269 -40.0374 0 0 0 1
35 0 0.8610321 0.03072308 0.5076217 15.79005 -0.02218085 0.9994923 -0.02286951 114.5697 -0.5080666 0.008431902 0.8612765 -41.1085 0 0 0 1
35 1 0.8610321 0.03072308 0.5076217 15.25732 -0.02218085 0.9994923 -0.02286951 114.5697 -0.5080666 0.008431902 0.8612765 -41.1085 0 0 0 1
36 0 0.862312 0.02906433 0.5055426 16.00656 -0.01981381 0.9995235 -0.02366724 114.6754 -0.5059897 0.01039181 0.8624769 -41.95064 0 0 0 1
36 1 0.862312 0.02906433 0.5055426 15.47383 -0.01981381 0.9995235 -0.02366724 114.6754 -0.5059897 0.01039181 0.8624769 -41.95064 0 0 0 1
37 0 0.8637649 0.02909933 0.503054 16.43034 -0.01993588 0.999523 -0.02358701 114.6716 -0.5035005 0.01034481 0.8639331 -43.02177 0 0 0 1
37 1 0.8637649 0.02909933 0.503054 15.89761 -0.01993588 0.999523 -0.02358701 114.6716 -0.5035005 0.01034481 0.8639331 -43.02177 0 0 0 1
38 0 0.8654553 0.02888383 0.5001528 16.87281 -0.02053106 0.9995428 -0.02219704 114.6117 -0.5005652 0.008941882 0.8656527 -44.3611 0 0 0 1
38 1 0.8654553 0.02888383 0.5001528 16.34009 -0.02053106 0.9995428 -0.02219704 114.6117 -0.5005652 0.008941882 0.8656527 -44.3611 0 0 0 1
39 0 0.8670979 0.02856199 0.4973183 17.27355 -0.02033751 0.9995522 -0.02194688 114.613 -0.4977225 0.008915882 0.8672905 -45.42567 0 0 0 1
39 1 0.8670979 0.02856199 0.4973183 16.74083 -0.02033751 0.9995522 -0.02194688 114.613 -0.4977225 0.008915882 0.8672905 -45.42567 0 0 0 1
40 0 0.8687369 0.02742917 0.4945138 17.61346 -0.01885604 0.9995731 -0.02231792 114.6834 -0.4949148 0.01006383 0.8688833 -46.46365 0 0 0 1
40 1 0.8687369 0.02742917 0.4945138 17.08073 -0.01885604 0.9995731 -0.02231792 114.6834 -0.4949148 0.01006383 0.8688833 -46.46365 0 0 0 1
41 0 0.8703606 0.02741621 0.4916511 18.05666 -0.01897868 0.9995747 -0.02214223 114.6762 -0.4920491 0.009940837 0.8705107 -47.52925 0 0 0 1
41 1 0.8703606 0.02741621 0.4916511 17.52394 -0.01897868 0.9995747 -0.02214223 114.6762 -0.4920491 0.009940837 0.8705107 -47.52924 0 0 0 1
42 0 0.8719873 0.02607096 0.4888337 18.34924 -0.01827871 0.9996185 -0.02070686 114.6593 -0.489187 0.009120874 0.8721312 -48.66883 0 0 0 1
42 1 0.8719873 0.02607096 0.4888337 17.81652 -0.01827871 0.9996185 -0.02070686 114.6593 -0.489187 0.009120874 0.8721312 -48.66883 0 0 0 1
43 0 0.8736924 0.02636593 0.4857638 18.86959 -0.01877394 0.9996138 -0.02048958 114.6346 -0.4861164 0.008781888 0.8738499 -49.85537 0 0 0 1
43 1 0.8736924 0.02636593 0.4857638 18.33686 -0.01877394 0.9996138 -0.02048958 114.6346 -0.4861164 0.008781888 0.8738499 -49.85538 0 0 0 1
44 0 0.8752308 0.02700475 0.4829511 19.38767 -0.01955253 0.9995995 -0.02045953 114.6034 -0.4833102 0.008463899 0.8754082 -50.93046 0 0 0 1
44 1 0.8752308 0.02700475 0.4829511 18.85494 -0.01955253 0.9995995 -0.02045953 114.6034 -0.4833102 0.008463899 0.8754082 -50.93046 0 0 0 1
45 0 0.8767011 0.02751691 0.480248 19.88794 -0.02092321 0.999599 -0.01907866 114.497 -0.4805804 0.006677951 0.8769252 -52.16312 0 0 0 1
45 1 0.8767011 0.02751691 0.480248 19.35522 -0.02092321 0.999599 -0.01907866 114.497 -0.4805804 0.006677951 0.8769252 -52.16312 0 0 0 1
46 0 0.8783584 0.0277402 0.477197 20.40965 -0.0223721 0.9996064 -0.01692918 114.3535 -0.4774787 0.004193987 0.8786333 -53.57141 0 0 0 1
46 1 0.8783584 0.0277402 0.477197 19.87693 -0.0223721 0.9996064 -0.01692918 114.3535 -0.4774787 0.004193987 0.8786333 -53.57141 0 0 0 1
47 0 0.8799942 0.02740536 0.4741934 20.84929 -0.02229416 0.999617 -0.01639867 114.3332 -0.4744611 0.003858991 0.880268 -54.62339 0 0 0 1
47 1 0.8799942 0.02740536 0.4741934 20.31657 -0.02229416 0.999617 -0.01639867 114.3332 -0.4744611 0.003858991 0.880268 -54.62339 0 0 0 1
48 0 0.8817244 0.0259987 0.471048 21.175 -0.02040318 0.9996476 -0.01698246 114.4372 -0.4713235 0.005362974 0.8819441 -55.45723 0 0 0 1
48 1 0.8817244 0.0259987 0.471048 20.64228 -0.02040318 0.9996476 -0.01698246 114.4372 -0.4713235 0.005362974 0.8819441 -55.45723 0 0 0 1
49 0 0.8838077 0.02644559 0.4671023 21.78838 -0.02104777 0.9996378 -0.01677112 114.3977 -0.4673767 0.004990979 0.8840442 -56.58995 0 0 0 1
49 1 0.8838077 0.02644559 0.4671023 21.25565 -0.02104777 0.9996378 -0.01677112 114.3977 -0.4673767 0.004990979 0.8840442 -56.58995 0 0 0 1
50 0 0.8856552 0.02577474 0.4636277 22.2223 -0.02023256 0.999652 -0.01692458 114.4396 -0.4639026 0.00560897 0.8858684 -57.51025 0 0 0 1
50 1 0.8856552 0.02577474 0.4636277 21.68958 -0.02023256 0.999652 -0.01692458 114.4396 -0.4639026 0.00560897 0.8858684 -57.51025 0 0 0 1
51 0 0.8877344 0.0250917 0.4596717 22.69178 -0.01892488 0.9996585 -0.01801909 114.5451 -0.4599668 0.007296936 0.8879061 -58.29274 0 0 0 1
51 1 0.8877344 0.0250917 0.4596717 22.15905 -0.01892488 0.9996585 -0.01801909 114.5451 -0.4599668 0.007296936 0.8879061 -58.29274 0 0 0 1
52 0 0.8901455 0.02557158 0.4549584 23.36814 -0.01956433 0.9996482 -0.01790819 114.5107 -0.4552563 0.007039941 0.8903326 -59.37278 0 0 0 1
52 1 0.8901455 0.02557158 0.4549584 22.83541 -0.01956433 0.9996482 -0.01790819 114.5107 -0.4552563 0.007039941 0.8903326 -59.37278 0 0 0 1
53 0 0.8925422 0.02430701 0.4503083 23.82466 -0.01853429 0.9996799 -0.01722506 114.5315 -0.4505829 0.007027943 0.8927069 -60.31803 0 0 0 1
53 1 0.8925422 0.02430701 0.4503083 23.29193 -0.01853429 0.9996799 -0.01722506 114.5315 -0.4505829 0.007027943 0.8927069 -60.31802 0 0 0 1
54 0 0.8950362 0.02484268 0.4453012 24.51476 -0.01875246 0.9996607 -0.01807794 114.5587 -0.4455992 0.007829921 0.8951983 -61.15884 0 0 0 1
54 1 0.8950362 0.02484268 0.4453012 23.98204 -0.01875246 0.9996607 -0.01807794 114.5587 -0.4455992 0.007829921 0.8951983 -61.15885 0 0 0 1
55 0 0.8975568 0.0256084 0.4401545 25.25856 -0.01950177 0.9996406 -0.01839183 114.5371 -0.4404673 0.00792392 0.8977337 -62.18674 0 0 0 1
55 1 0.8975568 0.0256084 0.4401545 24.72584 -0.01950177 0.9996406 -0.01839183 114.5371 -0.4404673 0.00792392 0.8977337 -62.18674 0 0 0 1
56 0 0.89981 0.02586319 0.4355148 25.88488 -0.01959727 0.9996298 -0.01887376 114.5557 -0.4358418 0.0084479 0.8999836 -63.06599 0 0 0 1
56 1 0.89981 0.02586319 0.4355148 25.35216 -0.01959727 0.9996298 -0.01887376 114.5557 -0.4358418 0.0084479 0.8999836 -63.06599 0 0 0 1
57 0 0.9021063 0.02537829 0.4307669 26.43621 -0.01910468 0.9996392 -0.01888419 114.5837 -0.4310907 0.008805888 0.9022656 -63.96797 0 0 0 1
57 1 0.9021063 0.02537829 0.4307669 25.90348 -0.01910468 0.9996392 -0.01888419 114.5837 -0.4310907 0.008805888 0.9022656 -63.96796 0 0 0 1
58 0 0.904695 0.02748897 0.4251721 27.36919 -0.02213956 0.9996014 -0.0175187 114.3632 -0.4254842 0.006435956 0.904943 -65.25636 0 0 0 1
58 1 0.904695 0.02748897 0.4251721 26.83646 -0.02213956 0.9996014 -0.0175187 114.3632 -0.4254842 0.006435956 0.904943 -65.25636 0 0 0 1
59 0 0.9070898 0.02512988 0.4201865 27.73469 -0.02020218 0.9996651 -0.01617441 114.4006 -0.4204522 0.006182961 0.9072936 -66.19481 0 0 0 1
59 1 0.9070898 0.02512988 0.4201865 27.20197 -0.02020218 0.9996651 -0.01617441 114.4006 -0.4204522 0.006182961 0.9072936 -66.19481 0 0 0 1
60 0 0.9096575 0.02457572 0.4146316 28.37258 -0.01900058 0.9996651 -0.01756612 114.5335 -0.4149244 0.008100912 0.9098198 -66.96093 0 0 0 1
60 1 0.9096575 0.02457572 0.4146316 27.83986 -0.01900058 0.9996651 -0.01756612 114.5335 -0.4149244 0.008100912 0.9098198 -66.96093 0 0 0 1
61 0 0.9118927 0.02338472 0.409762 28.86381 -0.01727281 0.9996776 -0.01861138 114.6813 -0.4100651 0.009893838 0.9120026 -67.64267 0 0 0 1
61 1 0.9118927 0.02338472 0.409762 28.33109 -0.01727281 0.9996776 -0.01861138 114.6813 -0.4100651 0.009893838 0.9120026 -67.64267 0 0 0 1
62 0 0.9142144 0.02270658 0.4045941 29.43782 -0.01615573 0.9996774 -0.01959854 114.7964 -0.4049086 0.01138076 0.9142863 -68.34398 0 0 0 1
62 1 0.9142144 0.02270658 0.4045941 28.9051 -0.01615573 0.9996774 -0.01959854 114.7964 -0.4049086 0.01138076 0.9142863 -68.34398 0 0 0 1
63 0 0.9163134 0.02394695 0.3997454 30.22873 -0.01709721 0.9996397 -0.02069296 114.807 -0.4000969 0.0121267 0.9163926 -69.2282 0 0 0 1
63 1 0.9163134 0.02394695 0.3997454 29.69601 -0.01709721 0.9996397 -0.02069296 114.807 -0.4000969 0.0121267 0.9163926 -69.2282 0 0 0 1
64 0 0.9178399 0.02517558 0.3961516 30.89735 -0.01842114 0.999613 -0.020846 114.7468 -0.3965231 0.01183573 0.9179484 -70.14937 0 0 0 1
64 1 0.9178399 0.02517558 0.3961516 30.36462 -0.01842114 0.999613 -0.020846 114.7468 -0.3965231 0.01183573 0.9179484 -70.14937 0 0 0 1
65 0 0.9191608 0.02718536 0.3929431 31.63737 -0.02116888 0.9995831 -0.01963749 114.5323 -0.3933132 0.009731847 0.9193531 -71.37772 0 0 0 1
65 1 0.9191608 0.02718536 0.3929431 31.10465 -0.02116888 0.9995831 -0.01963749 114.5323 -0.3933132 0.009731847 0.9193531 -71.37772 0 0 0 1
66 0 0.9203189 0.02964759 0.3900438 32.38158 -0.02398933 0.9995245 -0.01937131 114.3576 -0.3904326 0.008470898 0.9205925 -72.39774 0 0 0 1
66 1 0.9203189 0.02964759 0.3900438 31.84885 -0.02398933 0.9995245 -0.01937131 114.3576 -0.3904326 0.008470898 0.9205925 -72.39774 0 0 0 1
67 0 0.9215063 0.03043778 0.3871687 32.93475 -0.02418848 0.9994867 -0.02100458 114.4365 -0.3876093 0.009990835 0.9217696 -73.08604 0 0 0 1
67 1 0.9215063 0.03043778 0.3871687 32.40202 -0.02418848 0.9994867 -0.02100458 114.4365 -0.3876093 0.009990835 0.9217696 -73.08604 0 0 0 1
68 0 0.9226205 0.03118836 0.3844459 33.47229 -0.02383645 0.9994307 -0.0238749 114.6181 -0.3849717 0.01286365 0.9228387 -73.60181 0 0 0 1
68 1 0.9226205 0.03118836 0.3844459 32.93956 -0.02383645 0.9994307 -0.0238749 114.6181 -0.3849717 0.01286365 0.9228387 -73.60181 0 0 0 1
69 0 0.9235516 0.03114864 0.3822071 33.90488 -0.02319053 0.9994081 -0.02541175 114.7475 -0.3827724 0.01460548 0.9237272 -74.33292 0 0 0 1
69 1 0.9235516 0.03114864 0.3822071 33.37215 -0.02319053 0.9994081 -0.02541175 114.7475 -0.3827724 0.01460548 0.9237272 -74.33291 0 0 0 1
70 0 0.9243159 0.03208534 0.3802772 34.40379 -0.02433445 0.9993868 -0.02517362 114.6708 -0.3808517 0.01401454 0.9245299 -75.23132 0 0 0 1
70 1 0.9243159 0.03208534 0.3802772 33.87106 -0.02433445 0.9993868 -0.02517362 114.6708 -0.3808517 0.01401454 0.9245299 -75.23132 0 0 0 1
71 0 0.9250059 0.03294338 0.378522 34.87949 -0.02567459 0.9993765 -0.02423558 114.5401 -0.3790844 0.01269966 0.925275 -76.20158 0 0 0 1
71 1 0.9250059 0.03294338 0.378522 34.34676 -0.02567459 0.9993765 -0.02423558 114.5401 -0.3790844 0.01269966 0.925275 -76.20158 0 0 0 1
72 0 0.925647 0.03336794 0.3769141 35.31784 -0.02690764 0.9993871 -0.02239371 114.3605 -0.3774304 0.0105868 0.9259775 -77.34575 0 0 0 1
72 1 0.925647 0.03336794 0.3769141 34.78512 -0.02690764 0.9993871 -0.02239371 114.3605 -0.3774304 0.0105868 0.9259775 -77.34574 0 0 0 1
73 0 0.9260984 0.03413415 0.3757348 35.73091 -0.02844838 0.9993815 -0.02067161 114.1639 -0.376208 0.008454897 0.9264967 -78.40938 0 0 0 1
73 1 0.9260984 0.03413415 0.3757348 35.19819 -0.02844838 0.9993815 -0.02067161 114.1639 -0.376208 0.008454897 0.9264967 -78.40938 0 0 0 1
74 0 0.926595 0.03578458 0.3743542 36.28135 -0.0306902 0.9993375 -0.01956298 113.955 -0.3748063 0.006637952 0.9270794 -79.51144 0 0 0 1
74 1 0.926595 0.03578458 0.3743542 35.74862 -0.0306902 0.9993375 -0.01956298 113.955 -0.3748063 0.006637952 0.9270794 -79.51144 0 0 0 1
75 0 0.9269925 0.03742945 0.3732076 36.78644 -0.03227099 0.9992778 -0.02006244 113.8818 -0.373689 0.006553954 0.9275309 -80.33167 0 0 0 1
75 1 0.9269925 0.03742945 0.3732076 36.25372 -0.03227099 0.9992778 -0.02006244 113.8818 -0.373689 0.006553954 0.9275309 -80.33167 0 0 0 1
76 0 0.9276458 0.03685701 0.3716381 37.10596 -0.03069526 0.9992759 -0.02248421 114.1293 -0.3721976 0.00944986 0.9281054 -80.87411 0 0 0 1
76 1 0.9276458 0.03685701 0.3716381 36.57324 -0.03069526 0.9992759 -0.02248421 114.1293 -0.3721976 0.00944986 0.9281054 -80.87411 0 0 0 1
77 0 0.9283931 0.03428259 0.3700148 37.1828 -0.02719601 0.9993334 -0.02435347 114.4714 -0.3706031 0.01254667 0.9287066 -81.28537 0 0 0 1
77 1 0.9283931 0.03428259 0.3700148 36.65007 -0.02719601 0.9993334 -0.02435347 114.4714 -0.3706031 0.01254667 0.9287066 -81.28537 0 0 0 1
78 0 0.9290863 0.03269992 0.3684147 37.38314 -0.02519387 0.9993657 -0.02516701 114.6546 -0.369004 0.01410053 0.9293208 -81.86056 0 0 0 1
78 1 0.9290863 0.03269992 0.3684147 36.85041 -0.02519387 0.9993657 -0.02516701 114.6546 -0.369004 0.01410053 0.9293208 -81.86057 0 0 0 1
79 0 0.9298134 0.03073581 0.3667457 37.53049 -0.02405789 0.9994513 -0.02276674 114.5815 -0.3672442 0.01234569 0.9300426 -82.79445 0 0 0 1
79 1 0.9298134 0.03073581 0.3667457 36.99776 -0.02405789 0.9994513 -0.02276674 114.5815 -0.3672442 0.01234569 0.9300426 -82.79445 0 0 0 1
80 0 0.9306437 0.02960421 0.3647271 37.81764 -0.02392332 0.999512 -0.02008536 114.4221 -0.3651437 0.009966834 0.9308978 -83.85513 0 0 0 1
80 1 0.9306437 0.02960421 0.3647271 37.28492 -0.02392332 0.999512 -0.02008536 114.4221 -0.3651437 0.009966834 0.9308978 -83.85512 0 0 0 1
81 0 0.9312451 0.02918058 0.3632231 38.11914 -0.0237784 0.9995303 -0.01933618 114.3845 -0.3636168 0.009369863 0.9315015 -84.63889 0 0 0 1
81 1 0.9312451 0.02918058 0.3632231 37.58642 -0.0237784 0.9995303 -0.01933618 114.3845 -0.3636168 0.009369863 0.9315015 -84.63889 0 0 0 1
82 0 0.9318079 0.02855987 0.3618265 38.37615 -0.02324093 0.9995485 -0.01904475 114.4025 -0.362207 0.009336865 0.9320509 -85.34843 0 0 0 1
82 1 0.9318079 0.02855987 0.3618265 37.84342 -0.02324093 0.9995485 -0.01904475 114.4025 -0.362207 0.009336865 0.9320509 -85.34843 0 0 0 1
83 0 0.9323902 0.02842197 0.3603341 38.71076 -0.02319477 0.9995537 -0.01882338 114.3925 -0.3607083 0.009192871 0.9326334 -86.12212 0 0 0 1
83 1 0.9323902 0.02842197 0.3603341 38.17804 -0.02319477 0.9995537 -0.01882338 114.3925 -0.3607083 0.009192871 0.9326334 -86.12212 0 0 0 1
84 0 0.9329185 0.02980237 0.3588521 39.19234 -0.02456286 0.9995148 -0.01915206 114.3233 -0.3592488 0.009052878 0.9331979 -86.80849 0 0 0 1
84 1 0.9329185 0.02980237 0.3588521 38.65961 -0.02456286 0.9995148 -0.01915206 114.3233 -0.3592488 0.009052878 0.9331979 -86.80849 0 0 0 1
85 0 0.9334688 0.03010809 0.3573927 39.56387 -0.02471639 0.9995015 -0.01964534 114.3473 -0.357806 0.009504857 0.9337476 -87.47598 0 0 0 1
85 1 0.9334688 0.03010809 0.3573927 39.03114 -0.02471639 0.9995015 -0.01964534 114.3473 -0.357806 0.009504857 0.9337476 -87.47598 0 0 0 1
86 0 0.9340385 0.02998612 0.3559113 39.86673 -0.02459617 0.9995041 -0.01966076 114.3578 -0.3563243 0.009609852 0.9343129 -88.08881 0 0 0 1
86 1 0.9340385 0.02998612 0.3559113 39.33401 -0.02459617 0.9995041 -0.01966076 114.3578 -0.3563243 0.009609852 0.9343129 -88.08881 0 0 0 1
87 0 0.9346299 0.03051072 0.3543107 40.24786 -0.02495725 0.9994837 -0.02023416 114.3735 -0.3547451 0.01006883 0.9349089 -88.63186 0 0 0 1
87 1 0.9346299 0.03051072 0.3543107 39.71514 -0.02495725 0.9994837 -0.02023416 114.3735 -0.3547451 0.01006883 0.9349089 -88.63186 0 0 0 1
88 0 0.9351724 0.03080647 0.3528506 40.60452 -0.02514841 0.9994712 -0.02060951 114.3877 -0.353299 0.01039981 0.9354526 -89.24097 0 0 0 1
88 1 0.9351724 0.03080647 0.3528506 40.07179 -0.02514841 0.9994712 -0.02060951 114.3877 -0.353299 0.01039981 0.9354526 -89.24097 0 0 0 1
89 0 0.9357984 0.03112216 0.3511592 40.96553 -0.02534388 0.9994574 -0.02104035 114.4056 -0.3516234 0.01078979 0.9360793 -89.75539 0 0 0 1
89 1 0.9357984 0.03112216 0.3511592 40.4328 -0.02534388 0.9994574 -0.02104035 114.4056 -0.3516234 0.01078979 0.9360793 -89.7554 0 0 0 1
90 0 0.9363256 0.03138191 0.3497279 41.28788 -0.02550432 0.9994456 -0.02139997 114.4213 -0.3502056 0.01111777 0.9366069 -90.2701 0 0 0 1
90 1 0.9363256 0.03138191 0.3497279 40.75516 -0.02550432 0.9994456 -0.02139997 114.4213 -0.3502056 0.01111777 0.9366069 -90.2701 0 0 0 1
91 0 0.9368807 0.03142198 0.3482344 41.60052 -0.02566945 0.9994473 -0.02112198 114.3922 -0.3487057 0.01084979 0.9371695 -90.88826 0 0 0 1
91 1 0.9368807 0.03142198 0.3482344 41.06779 -0.02566945 0.9994473 -0.02112198 114.3922 -0.3487057 0.01084979 0.9371695 -90.88826 0 0 0 1
92 0 0.9375221 0.03113613 0.3465299 41.8811 -0.02543878 0.9994562 -0.0209788 114.4 -0.3469947 0.01085279 0.9378043 -91.38768 0 0 0 1
92 1 0.9375221 0.03113613 0.3465299 41.34837 -0.02543878 0.9994562 -0.0209788 114.4 -0.3469947 0.01085279 0.9378043 -91.38768 0 0 0 1
93 0 0.9380965 0.03079829 0.3450022 42.13511 -0.0251266 0.9994658 -0.02090032 114.4183 -0.3454615 0.01093778 0.9383692 -91.86693 0 0 0 1
93 1 0.9380965 0.03079829 0.3450022 41.60239 -0.0251266 0.9994658 -0.02090032 114.4183 -0.3454615 0.01093778 0.9383692 -91.86693 0 0 0 1
94 0 0.9387438 0.0302064 0.3432896 42.39822 -0.02440272 0.9994771 -0.02121446 114.4943 -0.3437509 0.01153775 0.93899 -92.31723 0 0 0 1
94 1 0.9387438 0.0302064 0.3432896 41.8655 -0.02440272 0.9994771 -0.02121446 114.4943 -0.3437509 0.01153775 0.93899 -92.31721 0 0 0 1
95 0 0.9394085 0.03022648 0.3414646 42.72268 -0.02455478 0.9994795 -0.02092098 114.4639 -0.3419192 0.01126876 0.9396618 -92.79311 0 0 0 1
95 1 0.9394085 0.03022648 0.3414646 42.18995 -0.02455478 0.9994795 -0.02092098 114.4639 -0.3419192 0.01126876 0.9396618 -92.79311 0 0 0 1
96 0 0.9399977 0.03015651 0.3398455 43.00941 -0.02451957 0.9994815 -0.02086987 114.4644 -0.3402987 0.01128476 0.9402497 -93.22778 0 0 0 1
96 1 0.9399977 0.03015651 0.3398455 42.47669 -0.02451957 0.9994815 -0.02086987 114.4644 -0.3402987 0.01128476 0.9402497 -93.22778 0 0 0 1
97 0 0.9405887 0.03029732 0.3381939 43.32922 -0.02458328 0.9994737 -0.02116723 114.4836 -0.3386572 0.01159574 0.9408384 -93.66009 0 0 0 1
97 1 0.9405887 0.03029732 0.3381939 42.79649 -0.02458328 0.9994737 -0.02116723 114.4836 -0.3386572 0.01159574 0.9408384 -93.66009 0 0 0 1
98 0 0.9411592 0.02989947 0.3366382 43.56664 -0.02418377 0.9994836 -0.02115998 114.5138 -0.337097 0.01177373 0.9413963 -94.04584 0 0 0 1
98 1 0.9411592 0.02989947 0.3366382 43.03391 -0.02418377 0.9994836 -0.02115998 114.5138 -0.337097 0.01177373 0.9413963 -94.04585 0 0 0 1
99 0 0.9417536 0.02954776 0.335003 43.81839 -0.02399329 0.9994977 -0.02070772 114.4958 -0.3354466 0.01146375 0.9419895 -94.46795 0 0 0 1
99 1 0.9417536 0.02954776 0.335003 43.28567 -0.02399329 0.9994977 -0.02070772 114.4957 -0.3354466 0.01146375 0.9419895 -94.46794 0 0 0 1
100 0 0.942287 0.02887331 0.3335589 44.02663 -0.0236257 0.9995252 -0.01977885 114.4547 -0.3339716 0.01075679 0.9425218 -94.96817 0 0 0 1
100 1 0.942287 0.02887331 0.3335589 43.49391 -0.0236257 0.9995252 -0.01977885 114.4547 -0.3339716 0.01075679 0.9425218 -94.96817 0 0 0 1
101 0 0.9428097 0.02771993 0.3321769 44.15997 -0.02265906 0.9995608 -0.01909996 114.4756 -0.3325605 0.01048081 0.9430237 -95.35831 0 0 0 1
101 1 0.9428097 0.02771993 0.3321769 43.62724 -0.02265906 0.9995608 -0.01909996 114.4756 -0.3325605 0.01048081 0.9430237 -95.35831 0 0 0 1
102 0 0.9433021 0.02723912 0.3308159 44.36647 -0.02221019 0.9995733 -0.01897302 114.5 -0.3311915 0.0105498 0.9435046 -95.70011 0 0 0 1
102 1 0.9433021 0.02723912 0.3308159 43.83374 -0.02221019 0.9995733 -0.01897302 114.5 -0.3311915 0.0105498 0.9435046 -95.70011 0 0 0 1
103 0 0.9437943 0.0271661 0.3294152 44.63065 -0.02212224 0.9995738 -0.01905097 114.5135 -0.3297923 0.0106928 0.943993 -96.05758 0 0 0 1
103 1 0.9437943 0.0271661 0.3294152 44.09792 -0.02212224 0.9995738 -0.01905097 114.5135 -0.3297923 0.0106928 0.943993 -96.05759 0 0 0 1
104 0 0.9442309 0.02763283 0.3281227 44.92447 -0.02250883 0.9995583 -0.01940462 114.513 -0.328514 0.01093678 0.9444358 -96.35139 0 0 0 1
104 1 0.9442309 0.02763283 0.3281227 44.39175 -0.02250883 0.9995583 -0.01940462 114.513 -0.328514 0.01093678 0.9444358 -96.35138 0 0 0 1
105 0 0.9446052 0.02748781 0.3270558 45.13474 -0.02230202 0.9995592 -0.0195963 114.5442 -0.3274503 0.01121677 0.9448018 -96.67067 0 0 0 1
105 1 0.9446052 0.02748781 0.3270558 44.60201 -0.02230202 0.9995592 -0.0195963 114.5442 -0.3274503 0.01121677 0.9448018 -96.67068 0 0 0 1
106 0 0.9447619 0.02770565 0.3265843 45.30461 -0.02245187 0.9995509 -0.01984646 114.5535 -0.3269874 0.01141775 0.9449597 -96.97463 0 0 0 1
106 1 0.9447619 0.02770565 0.3265843 44.77189 -0.02245187 0.9995509 -0.01984646 114.5535 -0.3269874 0.01141775 0.9449597 -96.97462 0 0 0 1
107 0 0.9448271 0.02727069 0.3264325 45.36559 -0.02189075 0.9995574 -0.02014397 114.6196 -0.3268373 0.01188672 0.9450058 -97.2496 0 0 0 1
107 1 0.9448271 0.02727069 0.3264325 44.83287 -0.02189075 0.9995574 -0.02014397 114.6196 -0.3268373 0.01188672 0.9450058 -97.2496 0 0 0 1
108 0 0.9448388 0.02660491 0.3264534 45.38327 -0.02118639 0.9995726 -0.0201432 114.6738 -0.3268498 0.01211571 0.9449986 -97.5756 0 0 0 1
108 1 0.9448388 0.02660491 0.3264534 44.85055 -0.02118639 0.9995726 -0.0201432 114.6738 -0.3268498 0.01211571 0.9449986 -97.57561 0 0 0 1
109 0 0.9448274 0.02564741 0.326563 45.34779 -0.0203916 0.9996017 -0.01950819 114.6854 -0.3269332 0.01177273 0.9449741 -97.9199 0 0 0 1
109 1 0.9448274 0.02564741 0.326563 44.81506 -0.0203916 0.9996017 -0.01950819 114.6854 -0.3269332 0.01177273 0.9449741 -97.9199 0 0 0 1
110 0 0.9448094 0.02534268 0.3266388 45.38139 -0.02027027 0.9996154 -0.01892426 114.6505 -0.3269928 0.01125876 0.9449598 -98.27591 0 0 0 1
110 1 0.9448094 0.02534268 0.3266388 44.84866 -0.02027027 0.9996154 -0.01892426 114.6505 -0.3269928 0.01125876 0.9449598 -98.27591 0 0 0 1
111 0 0.9447465 0.0254246 0.3268143 45.45033 -0.0202849 0.9996113 -0.01912592 114.6667 -0.3271736 0.01143975 0.944895 -98.57454 0 0 0 1
111 1 0.9447465 0.0254246 0.3268143 44.91761 -0.0202849 0.9996113 -0.01912592 114.6667 -0.3271736 0.01143975 0.944895 -98.57455 0 0 0 1
112 0 0.9447266 0.02606234 0.3268217 45.58766 -0.02088397 0.9995947 -0.01934431 114.64 -0.3271934 0.01144975 0.9448881 -98.83884 0 0 0 1
112 1 0.9447266 0.02606234 0.3268217 45.05494 -0.02088397 0.9995947 -0.01934431 114.64 -0.3271934 0.01144975 0.9448881 -98.83884 0 0 0 1
113 0 0.9447437 0.02630134 0.3267531 45.68589 -0.02121522 0.9995921 -0.01912044 114.5986 -0.3271227 0.01113177 0.9449163 -99.12585 0 0 0 1
113 1 0.9447437 0.02630134 0.3267531 45.15316 -0.02121522 0.9995921 -0.01912044 114.5986 -0.3271227 0.01113177 0.9449163 -99.12585 0 0 0 1
114 0 0.9447399 0.02683907 0.3267202 45.8202 -0.02167548 0.9995762 -0.01943559 114.5897 -0.3271033 0.01127976 0.9449213 -99.3741 0 0 0 1
114 1 0.9447399 0.02683907 0.3267202 45.28748 -0.02167548 0.9995762 -0.01943559 114.5897 -0.3271033 0.01127976 0.9449213 -99.3741 0 0 0 1
115 0 0.9447278 0.02674016 0.3267633 45.86707 -0.02163777 0.9995807 -0.01924068 114.5781 -0.3271408 0.01110677 0.9449103 -99.62675 0 0 0 1
115 1 0.9447278 0.02674016 0.3267633 45.33434 -0.02163777 0.9995807 -0.01924068 114.5781 -0.3271408 0.01110677 0.9449103 -99.62675 0 0 0 1
116 0 0.9447467 0.02702706 0.3266851 45.97048 -0.02192349 0.9995735 -0.01929496 114.5616 -0.3270673 0.01106677 0.9449363 -99.86739 0 0 0 1
116 1 0.9447467 0.02702706 0.3266851 45.43776 -0.02192349 0.9995735 -0.01929496 114.5616 -0.3270673 0.01106677 0.9449363 -99.86738 0 0 0 1
117 0 0.9447946 0.02694695 0.3265533 46.03694 -0.02170365 0.9995705 -0.01969015 114.6104 -0.3269437 0.01151575 0.9449736 -100.0165 0 0 0 1
117 1 0.9447946 0.02694695 0.3265533 45.50421 -0.02170365 0.9995705 -0.01969015 114.6104 -0.3269437 0.01151575 0.9449736 -100.0165 0 0 0 1
118 0 0.9448671 0.02657713 0.3263736 46.07507 -0.0213838 0.9995813 -0.01949042 114.6195 -0.3267549 0.01143675 0.9450399 -100.2088 0 0 0 1
118 1 0.9448671 0.02657713 0.3263736 45.54234 -0.0213838 0.9995813 -0.01949042 114.6195 -0.3267549 0.01143675 0.9450399 -100.2088 0 0 0 1
119 0 0.9449031 0.02565344 0.3263435 46.03632 -0.02043778 0.9996029 -0.01940143 114.6852 -0.3267116 0.01166274 0.9450521 -100.377 0 0 0 1
119 1 0.9449031 0.02565344 0.3263435 45.50359 -0.02043778 0.9996029 -0.01940143 114.6852 -0.3267116 0.01166274 0.9450521 -100.377 0 0 0 1
120 0 0.9449529 0.02578829 0.3261885 46.12336 -0.02046418 0.9995956 -0.01974373 114.7111 -0.3265657 0.01198171 0.9450985 -100.4989 0 0 0 1
120 1 0.9449529 0.02578829 0.3261885 45.59063 -0.02046418 0.9995956 -0.01974373 114.7111 -0.3265657 0.01198171 0.9450985 -100.4989 0 0 0 1
121 0 0.9450312 0.02621715 0.3259276 46.25089 -0.02091114 0.9995858 -0.01977314 114.6798 -0.3263109 0.01187072 0.9451879 -100.6593 0 0 0 1
121 1 0.9450312 0.02621715 0.3259276 45.71817 -0.02091114 0.9995858 -0.01977314 114.6798 -0.3263109 0.01187072 0.9451879 -100.6593 0 0 0 1
122 0 0.9449934 0.02701781 0.3259718 46.38855 -0.02167369 0.9995647 -0.02001573 114.6414 -0.3263707 0.01184972 0.9451676 -100.8314 0 0 0 1
122 1 0.9449934 0.02701781 0.3259718 45.85582 -0.02167369 0.9995647 -0.02001573 114.6414 -0.3263707 0.01184972 0.9451676 -100.8314 0 0 0 1
123 0 0.9450314 0.02748661 0.3258222 46.50177 -0.02211792 0.9995519 -0.020171 114.6202 -0.3262306 0.01185572 0.9452158 -100.9651 0 0 0 1
123 1 0.9450314 0.02748661 0.3258222 45.96904 -0.02211792 0.9995519 -0.020171 114.6202 -0.3262306 0.01185572 0.9452158 -100.9651 0 0 0 1
124 0 0.9450474 0.0279135 0.3257394 46.60135 -0.02261024 0.9995432 -0.02005591 114.5734 -0.3261504 0.01158874 0.9452469 -101.1215 0 0 0 1
124 1 0.9450474 0.0279135 0.3257394 46.06862 -0.02261024 0.9995432 -0.02005591 114.5734 -0.3261504 0.01158874 0.9452469 -101.1216 0 0 0 1
125 0 0.9450914 0.02815331 0.3255913 46.68971 -0.02276371 0.9995337 -0.02035188 114.5857 -0.3260125 0.01182272 0.9452915 -101.2197 0 0 0 1
125 1 0.9450914 0.02815331 0.3255913 46.15699 -0.02276371 0.9995337 -0.02035188 114.5857 -0.3260125 0.01182272 0.9452915 -101.2197 0 0 0 1
126 0 0.9451306 0.02791833 0.3254976 46.71226 -0.02245952 0.9995372 -0.02051698 114.6227 -0.3259198 0.01208071 0.9453202 -101.2968 0 0 0 1
126 1 0.9451306 0.02791833 0.3254976 46.17953 -0.02245952 0.9995372 -0.02051698 114.6227 -0.3259198 0.01208071 0.9453202 -101.2968 0 0 0 1
127 0 0.9450963 0.02838026 0.3255574 46.79396 -0.02303633 0.9995294 -0.02025866 114.5575 -0.3259791 0.01164673 0.9453052 -101.4521 0 0 0 1
127 1 0.9450963 0.02838026 0.3255574 46.26124 -0.02303633 0.9995294 -0.02025866 114.5575 -0.3259791 0.01164673 0.9453052 -101.4521 0 0 0 1
128 0 0.9450751 0.02840527 0.3256166 46.82647 -0.02307141 0.9995291 -0.02023138 114.5528 -0.326038 0.01160774 0.9452854 -101.5698 0 0 0 1
128 1 0.9450751 0.02840527 0.3256166 46.29374 -0.02307141 0.9995291 -0.02023138 114.5528 -0.326038 0.01160774 0.9452854 -101.5698 0 0 0 1
129 0 0.9451169 0.02844923 0.3254913 46.8737 -0.02309771 0.9995272 -0.02029467 114.5561 -0.3259148 0.01166274 0.9453272 -101.6467 0 0 0 1
129 1 0.9451169 0.02844923 0.3254913 46.34097 -0.02309771 0.9995272 -0.02029467 114.5561 -0.3259148 0.01166274 0.9453272 -101.6467 0 0 0 1
130 0 0.9450632 0.02811949 0.3256759 46.84706 -0.02288912 0.9995403 -0.01988141 114.5391 -0.3260853 0.01133476 0.9452724 -101.7881 0 0 0 1
130 1 0.9450632 0.02811949 0.3256759 46.31434 -0.02288912 0.9995403 -0.01988141 114.5391 -0.3260853 0.01133476 0.9452724 -101.7881 0 0 0 1
131 0 0.9450511 0.02806163 0.325716 46.86166 -0.02295365 0.9995461 -0.01951551 114.5046 -0.3261158 0.01096678 0.9452662 -101.9125 0 0 0 1
131 1 0.9450511 0.02806163 0.325716 46.32893 -0.02295365 0.9995461 -0.01951551 114.5046 -0.3261158 0.01096678 0.9452662 -101.9125 0 0 0 1
132 0 0.9450727 0.02798075 0.3256605 46.88365 -0.02296545 0.9995512 -0.01923528 114.4812 -0.3260525 0.0106998 0.9452911 -102.0247 0 0 0 1
132 1 0.9450727 0.02798075 0.3256605 46.35093 -0.02296545 0.9995512 -0.01923528 114.4812 -0.3260525 0.0106998 0.9452911 -102.0247 0 0 0 1
133 0 0.94503 0.02840357 0.3257477 46.9471 -0.02337306 0.9995396 -0.01934702 114.4589 -0.3261472 0.0106698 0.9452588 -102.1252 0 0 0 1
133 1 0.94503 0.02840357 0.3257477 46.41437 -0.02337306 0.9995396 -0.01934702 114.4589 -0.3261472 0.0106698 0.9452588 -102.1252 0 0 0 1
134 0 0.9450462 0.0285594 0.3256871 46.99504 -0.02343219 0.9995322 -0.01965549 114.4796 -0.3260961 0.01094378 0.9452733 -102.177 0 0 0 1
134 1 0.9450462 0.0285594 0.3256871 46.46231 -0.02343219 0.9995322 -0.01965549 114.4796 -0.3260961 0.01094378 0.9452733 -102.177 0 0 0 1
135 0 0.9450888 0.02837255 0.3255798 47.00709 -0.02332175 0.9995396 -0.01940652 114.4683 -0.3259805 0.01074779 0.9453154 -102.2783 0 0 0 1
135 1 0.9450888 0.02837255 0.3255798 46.47436 -0.02332175 0.9995396 -0.01940652 114.4683 -0.3259805 0.01074779 0.9453154 -102.2783 0 0 0 1
136 0 0.9449548 0.02804007 0.3259972 46.93803 -0.02341723 0.999562 -0.01809696 114.3546 -0.3263619 0.00946686 0.9451975 -102.528 0 0 0 1
136 1 0.9449548 0.02804007 0.3259972 46.4053 -0.02341723 0.999562 -0.01809696 114.3546 -0.3263619 0.00946686 0.9451975 -102.528 0 0 0 1
137 0 0.9449806 0.02747856 0.3259703 46.89651 -0.02322856 0.9995869 -0.01692386 114.2736 -0.3263007 0.008420901 0.9452285 -102.7216 0 0 0 1
137 1 0.9449806 0.02747856 0.3259703 46.36378 -0.02322856 0.9995869 -0.01692386 114.2736 -0.3263007 0.008420901 0.9452285 -102.7216 0 0 0 1
138 0 0.9451829 0.02761049 0.3253721 46.99802 -0.02333432 0.9995825 -0.01703822 114.2748 -0.3257067 0.008511897 0.9454325 -102.7697 0 0 0 1
138 1 0.9451829 0.02761049 0.3253721 46.46528 -0.02333432 0.9995825 -0.01703822 114.2748 -0.3257067 0.008511897 0.9454325 -102.7697 0 0 0 1
139 0 0.9453456 0.02725259 0.3249293 47.02929 -0.0229343 0.9995905 -0.01711323 114.3122 -0.3252626 0.00872589 0.9455835 -102.8038 0 0 0 1
139 1 0.9453456 0.02725259 0.3249293 46.49656 -0.0229343 0.9995905 -0.01711323 114.3122 -0.3252626 0.00872589 0.9455835 -102.8038 0 0 0 1
140 0 0.9453957 0.02718474 0.324789 47.05761 -0.02304376 0.9995968 -0.01659016 114.2609 -0.3251091 0.008199908 0.945641 -102.9362 0 0 0 1
140 1 0.9453957 0.02718474 0.324789 46.52487 -0.02304376 0.9995968 -0.01659016 114.2609 -0.3251091 0.008199908 0.945641 -102.9362 0 0 0 1
141 0 0.9455292 0.02719176 0.3243998 47.12292 -0.02309881 0.9995977 -0.01646185 114.2461 -0.3247169 0.008071912 0.9457768 -103.0138 0 0 0 1
141 1 0.9455292 0.02719176 0.3243998 46.5902 -0.02309881 0.9995977 -0.01646185 114.2461 -0.3247169 0.008071912 0.9457768 -103.0138 0 0 0 1
142 0 0.9456479 0.02748357 0.3240288 47.2199 -0.02327222 0.9995869 -0.01686544 114.2658 -0.3243585 0.008407901 0.9458969 -103.0474 0 0 0 1
142 1 0.9456479 0.02748357 0.3240288 46.68718 -0.02327222 0.9995869 -0.01686544 114.2658 -0.3243585 0.008407901 0.9458969 -103.0473 0 0 0 1
143 0 0.9457585 0.02759455 0.3236965 47.28822 -0.02341261 0.9995846 -0.01680713 114.2502 -0.3240258 0.008316904 0.9460117 -103.1209 0 0 0 1
143 1 0.9457585 0.02759455 0.3236965 46.75549 -0.02341261 0.9995846 -0.01680713 114.2502 -0.3240258 0.008316904 0.9460117 -103.1209 0 0 0 1
144 0 0.9458739 0.02748648 0.3233683 47.33283 -0.0231624 0.9995835 -0.01721357 114.3034 -0.3237067 0.008791888 0.9461166 -103.1359 0 0 0 1
144 1 0.9458739 0.02748648 0.3233683 46.80011 -0.0231624 0.9995835 -0.01721357 114.3034 -0.3237067 0.008791888 0.9461166 -103.1359 0 0 0 1
