frame cameraID r1,1 r1,2 r1,3 t1 r2,1 r2,2 r2,3 t2 r3,1 r3,2 r3,3 t3 0 0 0 1
0 0 -0.6368979 -0.02389242 -0.7705778 -7.061051 -0.01130057 0.9997016 -0.02165645 271.5504 0.7708654 -0.005084978 -0.6369779 -2.342589 0 0 0 1
0 1 -0.6368979 -0.02389242 -0.7705778 -7.593776 -0.01130057 0.9997016 -0.02165645 271.5504 0.7708654 -0.005084978 -0.6369779 -2.342589 0 0 0 1
1 0 -0.636937 -0.02383346 -0.7705474 -7.143026 -0.01146302 0.9997043 -0.02144605 271.5473 0.7708306 -0.004826983 -0.6370219 -2.636987 0 0 0 1
1 1 -0.636937 -0.02383346 -0.7705474 -7.675751 -0.01146302 0.9997043 -0.02144605 271.5473 0.7708306 -0.004826983 -0.6370219 -2.636987 0 0 0 1
2 0 -0.6368064 -0.0241724 -0.7706448 -7.322666 -0.01191445 0.9996976 -0.02151172 271.5421 0.7709318 -0.004516985 -0.6369019 -2.881895 0 0 0 1
2 1 -0.6368064 -0.0241724 -0.7706448 -7.855392 -0.01191445 0.9996976 -0.02151172 271.5421 0.7709318 -0.004516985 -0.6369019 -2.881896 0 0 0 1
3 0 -0.6369144 -0.02416336 -0.7705559 -7.407353 -0.01165648 0.9996963 -0.02171399 271.5375 0.7708465 -0.004847981 -0.6370026 -3.298351 0 0 0 1
3 1 -0.6369144 -0.02416336 -0.7705559 -7.940078 -0.01165648 0.9996963 -0.02171399 271.5375 0.7708465 -0.004847981 -0.6370026 -3.298351 0 0 0 1
4 0 -0.6369528 -0.02404539 -0.770528 -7.471184 -0.01148983 0.9996985 -0.02169897 271.5339 0.7708175 -0.00496798 -0.637037 -3.687566 0 0 0 1
4 1 -0.6369528 -0.02404539 -0.770528 -8.003909 -0.01148983 0.9996985 -0.02169897 271.5339 0.7708175 -0.00496798 -0.637037 -3.687566 0 0 0 1
5 0 -0.6371732 -0.02381849 -0.7703525 -7.495575 -0.01160882 0.9997056 -0.02130798 271.5332 0.7706333 -0.004633985 -0.6372621 -3.918736 0 0 0 1
5 1 -0.6371732 -0.02381849 -0.7703525 -8.028301 -0.01160882 0.9997056 -0.02130798 271.5333 0.7706333 -0.004633985 -0.6372621 -3.918736 0 0 0 1
6 0 -0.6372582 -0.02363452 -0.7702881 -7.532537 -0.01132966 0.9997089 -0.02130077 271.5302 0.7705673 -0.004846982 -0.6373404 -4.295243 0 0 0 1
6 1 -0.6372582 -0.02363452 -0.7702881 -8.065263 -0.01132966 0.9997089 -0.02130077 271.5302 0.7705673 -0.004846982 -0.6373404 -4.295243 0 0 0 1
7 0 -0.637109 -0.02380943 -0.7704061 -7.674095 -0.01116801 0.999703 -0.02166016 271.5233 0.7706931 -0.005195978 -0.6371857 -4.736785 0 0 0 1
7 1 -0.637109 -0.02380943 -0.7704061 -8.20682 -0.01116801 0.999703 -0.02166016 271.5233 0.7706931 -0.005195978 -0.6371857 -4.736785 0 0 0 1
8 0 -0.6368381 -0.02409339 -0.7706211 -7.836625 -0.01158351 0.9996978 -0.02168288 271.519 0.7709106 -0.004881981 -0.6369247 -4.963894 0 0 0 1
8 1 -0.6368381 -0.02409339 -0.7706211 -8.369349 -0.01158351 0.9996978 -0.02168288 271.519 0.7709106 -0.004881981 -0.6369247 -4.963894 0 0 0 1
9 0 -0.6365125 -0.02449226 -0.7708774 -8.036798 -0.01183463 0.9996881 -0.02199018 271.512 0.7711756 -0.004873979 -0.6366038 -5.301863 0 0 0 1
9 1 -0.6365125 -0.02449226 -0.7708774 -8.569523 -0.01183463 0.9996881 -0.02199018 271.512 0.7711756 -0.004873979 -0.6366038 -5.301863 0 0 0 1
10 0 -0.6363784 -0.02445027 -0.7709896 -8.108 -0.01179094 0.9996891 -0.02197069 271.5087 0.771287 -0.004890982 -0.6364688 -5.612427 0 0 0 1
10 1 -0.6363784 -0.02445027 -0.7709896 -8.640725 -0.01179094 0.9996891 -0.02197069 271.5087 0.771287 -0.004890982 -0.6364688 -5.612427 0 0 0 1
11 0 -0.6361413 -0.02434332 -0.7711886 -8.161942 -0.01182413 0.9996924 -0.02180273 271.5069 0.7714821 -0.004750983 -0.6362334 -5.877151 0 0 0 1
11 1 -0.6361413 -0.02434332 -0.7711886 -8.694667 -0.01182413 0.9996924 -0.02180273 271.5069 0.7714821 -0.004750983 -0.6362334 -5.877151 0 0 0 1
12 0 -0.6358244 -0.02413242 -0.7714565 -8.195118 -0.01189866 0.9996988 -0.0214655 271.5066 0.7717422 -0.004468986 -0.63592 -6.130313 0 0 0 1
12 1 -0.6358244 -0.02413242 -0.7714565 -8.727842 -0.01189866 0.9996988 -0.0214655 271.5066 0.7717422 -0.004468986 -0.63592 -6.130313 0 0 0 1
13 0 -0.6354772 -0.02407841 -0.7717442 -8.262127 -0.01172028 0.9996993 -0.02153978 271.5026 0.7720308 -0.004642983 -0.6355683 -6.473403 0 0 0 1
13 1 -0.6354772 -0.02407841 -0.7717442 -8.794851 -0.01172028 0.9996993 -0.02153978 271.5026 0.7720308 -0.004642983 -0.6355683 -6.473403 0 0 0 1
14 0 -0.6350863 -0.02384443 -0.7720731 -8.280182 -0.01116741 0.9997024 -0.02168844 271.4978 0.7723606 -0.005151978 -0.6351635 -6.903807 0 0 0 1
14 1 -0.6350863 -0.02384443 -0.7720731 -8.812907 -0.01116741 0.9997024 -0.02168844 271.4978 0.7723606 -0.005151978 -0.6351635 -6.903807 0 0 0 1
15 0 -0.6346724 -0.02419832 -0.7724023 -8.463864 -0.0114053 0.999694 -0.02194748 271.4913 0.7726972 -0.005119979 -0.6347542 -7.213811 0 0 0 1
15 1 -0.6346724 -0.02419832 -0.7724023 -8.99659 -0.0114053 0.999694 -0.02194748 271.4913 0.7726972 -0.005119979 -0.6347542 -7.213811 0 0 0 1
16 0 -0.6344925 -0.02474616 -0.7725326 -8.68951 -0.01183622 0.9996812 -0.02230104 271.4841 0.7728383 -0.005005981 -0.6345831 -7.469946 0 0 0 1
16 1 -0.6344925 -0.02474616 -0.7725326 -9.222235 -0.01183622 0.9996812 -0.02230104 271.4841 0.7728383 -0.005005981 -0.6345831 -7.469946 0 0 0 1
17 0 -0.6343044 -0.0249761 -0.7726798 -8.828473 -0.01206182 0.999676 -0.0224118 271.4796 0.7729893 -0.00489598 -0.6344001 -7.72382 0 0 0 1
17 1 -0.6343044 -0.0249761 -0.7726798 -9.361198 -0.01206182 0.999676 -0.0224118 271.4796 0.7729893 -0.00489598 -0.6344001 -7.72382 0 0 0 1
18 0 -0.6340716 -0.02509306 -0.7728673 -8.944799 -0.012062 0.9996727 -0.02256102 271.4743 0.7731805 -0.004982978 -0.6341667 -8.056482 0 0 0 1
18 1 -0.6340716 -0.02509306 -0.7728673 -9.477524 -0.012062 0.9996727 -0.02256102 271.4743 0.7731805 -0.004982978 -0.6341667 -8.056482 0 0 0 1
19 0 -0.6339741 -0.02493108 -0.7729524 -8.97673 -0.01181792 0.9996759 -0.02255087 271.4709 0.773264 -0.005161977 -0.6340631 -8.382915 0 0 0 1
19 1 -0.6339741 -0.02493108 -0.7729524 -9.509456 -0.01181792 0.9996759 -0.02255087 271.4709 0.773264 -0.005161977 -0.6340631 -8.382915 0 0 0 1
20 0 -0.6338825 -0.02492107 -0.7730277 -9.055912 -0.01170446 0.9996754 -0.02263014 271.4662 0.7733408 -0.005296975 -0.6339685 -8.722553 0 0 0 1
20 1 -0.6338825 -0.02492107 -0.7730277 -9.588638 -0.01170446 0.9996754 -0.02263014 271.4662 0.7733408 -0.005296975 -0.6339685 -8.722553 0 0 0 1
21 0 -0.6337193 -0.02502403 -0.7731582 -9.157442 -0.01174178 0.9996727 -0.02273124 271.4617 0.773474 -0.005326974 -0.6338056 -9.002677 0 0 0 1
21 1 -0.6337193 -0.02502403 -0.7731582 -9.690167 -0.01174178 0.9996727 -0.02273124 271.4618 0.773474 -0.005326974 -0.6338056 -9.002677 0 0 0 1
22 0 -0.6337365 -0.02487207 -0.7731493 -9.187852 -0.01157084 0.9996759 -0.02267499 271.459 0.7734627 -0.005423973 -0.6338189 -9.298552 0 0 0 1
22 1 -0.6337365 -0.02487207 -0.7731493 -9.720577 -0.01157084 0.9996759 -0.02267499 271.459 0.7734627 -0.005423973 -0.6338189 -9.298551 0 0 0 1
23 0 -0.6337641 -0.02486604 -0.7731266 -9.263624 -0.01140846 0.9996749 -0.02280052 271.4536 0.7734423 -0.005629972 -0.6338418 -9.646967 0 0 0 1
23 1 -0.6337641 -0.02486604 -0.7731266 -9.796349 -0.01140846 0.9996749 -0.02280052 271.4536 0.7734423 -0.005629972 -0.6338418 -9.646967 0 0 0 1
24 0 -0.6337111 -0.02500805 -0.7731656 -9.372416 -0.01176466 0.9996733 -0.02269175 271.4524 0.7734805 -0.005283976 -0.6337982 -9.816344 0 0 0 1
24 1 -0.6337111 -0.02500805 -0.7731656 -9.905142 -0.01176466 0.9996733 -0.02269175 271.4525 0.7734805 -0.005283976 -0.6337982 -9.816345 0 0 0 1
25 0 -0.6337172 -0.02535899 -0.7731491 -9.536242 -0.01237507 0.999667 -0.02264537 271.451 0.7734659 -0.004782983 -0.6338199 -9.941363 0 0 0 1
25 1 -0.6337172 -0.02535899 -0.7731491 -10.06897 -0.01237507 0.999667 -0.02264537 271.451 0.7734659 -0.004782983 -0.6338199 -9.941363 0 0 0 1
26 0 -0.6336523 -0.02586881 -0.7731856 -9.749538 -0.01262843 0.9996535 -0.02309642 271.4419 0.773515 -0.004870981 -0.6337595 -10.2485 0 0 0 1
26 1 -0.6336523 -0.02586881 -0.7731856 -10.28226 -0.01262843 0.9996535 -0.02309642 271.4419 0.773515 -0.004870981 -0.6337595 -10.2485 0 0 0 1
27 0 -0.6336333 -0.02610967 -0.7731929 -9.88206 -0.01248116 0.9996452 -0.02352832 271.4325 0.7735329 -0.005257977 -0.6337343 -10.60842 0 0 0 1
27 1 -0.6336333 -0.02610967 -0.7731929 -10.41479 -0.01248116 0.9996452 -0.02352832 271.4325 0.7735329 -0.005257977 -0.6337343 -10.60842 0 0 0 1
28 0 -0.6337234 -0.02638263 -0.7731099 -10.02085 -0.01297041 0.9996402 -0.02348112 271.4312 0.7734512 -0.00485298 -0.6338375 -10.75129 0 0 0 1
28 1 -0.6337234 -0.02638263 -0.7731099 -10.55358 -0.01297041 0.9996402 -0.02348112 271.4312 0.7734512 -0.00485298 -0.6338375 -10.75129 0 0 0 1
29 0 -0.633816 -0.02606679 -0.7730447 -10.00787 -0.01308694 0.9996503 -0.02297793 271.4355 0.7733734 -0.004446986 -0.6339356 -10.91634 0 0 0 1
29 1 -0.633816 -0.02606679 -0.7730447 -10.5406 -0.01308694 0.9996503 -0.02297793 271.4355 0.7733734 -0.004446986 -0.6339356 -10.91634 0 0 0 1
30 0 -0.6339372 -0.02591179 -0.7729504 -10.02951 -0.01263017 0.9996521 -0.02315289 271.429 0.7732814 -0.004914981 -0.6340441 -11.29042 0 0 0 1
30 1 -0.6339372 -0.02591179 -0.7729504 -10.56224 -0.01263017 0.9996521 -0.02315289 271.429 0.7732814 -0.004914981 -0.6340441 -11.29042 0 0 0 1
31 0 -0.6341689 -0.02569586 -0.7727674 -10.03917 -0.01249309 0.9996577 -0.02298794 271.428 0.7730936 -0.004923981 -0.6342728 -11.56241 0 0 0 1
31 1 -0.6341689 -0.02569586 -0.7727674 -10.57189 -0.01249309 0.9996577 -0.02298794 271.428 0.7730936 -0.004923981 -0.6342728 -11.56241 0 0 0 1
32 0 -0.634221 -0.02583583 -0.7727202 -10.14054 -0.01270568 0.9996548 -0.02299501 271.4256 0.7730476 -0.004765982 -0.6343303 -11.76186 0 0 0 1
32 1 -0.634221 -0.02583583 -0.7727202 -10.67327 -0.01270568 0.9996548 -0.02299501 271.4256 0.7730476 -0.004765982 -0.6343303 -11.76186 0 0 0 1
33 0 -0.6343843 -0.0262037 -0.7725738 -10.30154 -0.0129364 0.9996452 -0.0232829 271.419 0.7729098 -0.00477598 -0.6344982 -12.00598 0 0 0 1
33 1 -0.6343843 -0.0262037 -0.7725738 -10.83427 -0.0129364 0.9996452 -0.0232829 271.419 0.7729098 -0.00477598 -0.6344982 -12.00598 0 0 0 1
34 0 -0.6344038 -0.02662639 -0.7725432 -10.48651 -0.01234333 0.9996281 -0.02431688 271.3976 0.7729033 -0.005890965 -0.6344966 -12.57497 0 0 0 1
34 1 -0.6344038 -0.02662639 -0.7725432 -11.01923 -0.01234333 0.9996281 -0.02431688 271.3976 0.7729033 -0.005890965 -0.6344966 -12.57498 0 0 0 1
35 0 -0.6343387 -0.02657628 -0.7725984 -10.53939 -0.01167927 0.9996243 -0.02479643 271.3844 0.7729671 -0.006705949 -0.6344107 -13.0413 0 0 0 1
35 1 -0.6343387 -0.02657628 -0.7725984 -11.07212 -0.01167927 0.9996243 -0.02479643 271.3844 0.7729671 -0.006705949 -0.6344107 -13.0413 0 0 0 1
36 0 -0.6342931 -0.02630827 -0.772645 -10.53427 -0.01107075 0.9996274 -0.02494855 271.3762 0.7730135 -0.007270935 -0.634348 -13.44392 0 0 0 1
36 1 -0.6342931 -0.02630827 -0.772645 -11.067 -0.01107075 0.9996274 -0.02494855 271.3762 0.7730135 -0.007270935 -0.634348 -13.44392 0 0 0 1
37 0 -0.6340781 -0.02622725 -0.7728243 -10.59007 -0.01083604 0.9996279 -0.02503364 271.3698 0.7731932 -0.007498929 -0.6341264 -13.78533 0 0 0 1
37 1 -0.6340781 -0.02622725 -0.7728243 -11.1228 -0.01083604 0.9996279 -0.02503364 271.3699 0.7731932 -0.007498929 -0.6341264 -13.78533 0 0 0 1
38 0 -0.6339852 -0.02633219 -0.7728968 -10.68894 -0.01078513 0.999624 -0.02520993 271.3629 0.7732701 -0.007646927 -0.6340307 -14.08549 0 0 0 1
38 1 -0.6339852 -0.02633219 -0.7728968 -11.22167 -0.01078513 0.999624 -0.02520993 271.3629 0.7732701 -0.007646927 -0.6340307 -14.08549 0 0 0 1
39 0 -0.6336224 -0.02629812 -0.7731953 -10.75631 -0.01044061 0.9996217 -0.02544346 271.3534 0.773572 -0.008048913 -0.6336573 -14.45986 0 0 0 1
39 1 -0.6336224 -0.02629812 -0.7731953 -11.28904 -0.01044061 0.9996217 -0.02544346 271.3534 0.773572 -0.008048913 -0.6336573 -14.45986 0 0 0 1
40 0 -0.6330879 -0.02622006 -0.7736358 -10.82397 -0.01005533 0.9996204 -0.02565057 271.3434 0.7740147 -0.008459901 -0.6331112 -14.8704 0 0 0 1
40 1 -0.6330879 -0.02622006 -0.7736358 -11.3567 -0.01005533 0.9996204 -0.02565057 271.3434 0.7740147 -0.008459901 -0.6331112 -14.8704 0 0 0 1
41 0 -0.6324762 -0.02611205 -0.7741396 -10.8799 -0.009783054 0.9996212 -0.02572483 271.3364 0.7745181 -0.008696891 -0.6324921 -15.21457 0 0 0 1
41 1 -0.6324762 -0.02611205 -0.7741396 -11.41263 -0.009783054 0.9996212 -0.02572483 271.3364 0.7745181 -0.008696891 -0.6324921 -15.21457 0 0 0 1
42 0 -0.6317449 -0.02629597 -0.7747303 -11.02686 -0.009871184 0.9996163 -0.02587974 271.329 0.7751135 -0.00870189 -0.631762 -15.53375 0 0 0 1
42 1 -0.6317449 -0.02629597 -0.7747303 -11.55958 -0.009871184 0.9996163 -0.02587974 271.329 0.7751135 -0.00870189 -0.631762 -15.53375 0 0 0 1
43 0 -0.6311383 -0.02672171 -0.7752099 -11.2317 -0.009808741 0.9996015 -0.02647075 271.3129 0.7756083 -0.009102876 -0.6311489 -15.94264 0 0 0 1
43 1 -0.6311383 -0.02672171 -0.7752099 -11.76442 -0.009808741 0.9996015 -0.02647075 271.3128 0.7756083 -0.009102876 -0.6311489 -15.94264 0 0 0 1
44 0 -0.6306351 -0.02685254 -0.7756149 -11.3584 -0.009485987 0.9995933 -0.02689404 271.2979 0.7760217 -0.009602853 -0.6306334 -16.38898 0 0 0 1
44 1 -0.6306351 -0.02685254 -0.7756149 -11.89112 -0.009485987 0.9995933 -0.02689404 271.2979 0.7760217 -0.009602853 -0.6306334 -16.38898 0 0 0 1
45 0 -0.6299503 -0.02656653 -0.776181 -11.38758 -0.008930772 0.9995965 -0.02696519 271.2874 0.7765842 -0.01005483 -0.6299332 -16.86548 0 0 0 1
45 1 -0.6299503 -0.02656653 -0.776181 -11.9203 -0.008930772 0.9995965 -0.02696519 271.2874 0.7765842 -0.01005483 -0.6299332 -16.86548 0 0 0 1
46 0 -0.6294689 -0.0266524 -0.7765686 -11.50881 -0.008706997 0.9995908 -0.027249 271.2746 0.776977 -0.01039081 -0.6294433 -17.2918 0 0 0 1
46 1 -0.6294689 -0.0266524 -0.7765686 -12.04153 -0.008706997 0.9995908 -0.027249 271.2746 0.776977 -0.01039081 -0.6294433 -17.2918 0 0 0 1
47 0 -0.6289197 -0.02691523 -0.7770043 -11.6824 -0.008677422 0.9995813 -0.02760161 271.2612 0.7774219 -0.0106168 -0.6288899 -17.70003 0 0 0 1
47 1 -0.6289197 -0.02691523 -0.7770043 -12.21513 -0.008677422 0.9995813 -0.02760161 271.2612 0.7774219 -0.0106168 -0.6288899 -17.70003 0 0 0 1
48 0 -0.6284856 -0.02677329 -0.7773604 -11.75815 -0.008578933 0.9995852 -0.02749105 271.2557 0.7777741 -0.0106088 -0.6284546 -18.09531 0 0 0 1
48 1 -0.6284856 -0.02677329 -0.7773604 -12.29088 -0.008578933 0.9995852 -0.02749105 271.2557 0.7777741 -0.0106088 -0.6284546 -18.09531 0 0 0 1
49 0 -0.6283323 -0.02651932 -0.7774931 -11.79233 -0.008184225 0.9995888 -0.02748063 271.2465 0.7779022 -0.01090378 -0.6282909 -18.54996 0 0 0 1
49 1 -0.6283323 -0.02651932 -0.7774931 -12.32505 -0.008184225 0.9995888 -0.02748063 271.2465 0.7779022 -0.01090378 -0.6282909 -18.54996 0 0 0 1
50 0 -0.6283454 -0.02676317 -0.777474 -11.96112 -0.008232224 0.9995809 -0.02775562 271.2341 0.777891 -0.01103978 -0.6283022 -18.97573 0 0 0 1
50 1 -0.6283454 -0.02676317 -0.777474 -12.49384 -0.008232224 0.9995809 -0.02775562 271.2341 0.777891 -0.01103978 -0.6283022 -18.97573 0 0 0 1
51 0 -0.6282384 -0.02728597 -0.7775424 -12.22192 -0.008613956 0.9995675 -0.02811751 271.2211 0.7779733 -0.01096678 -0.6282017 -19.39747 0 0 0 1
51 1 -0.6282384 -0.02728597 -0.7775424 -12.75465 -0.008613956 0.9995675 -0.02811751 271.2211 0.7779733 -0.01096678 -0.6282017 -19.39747 0 0 0 1
52 0 -0.6279942 -0.027173 -0.7777435 -12.3075 -0.008478849 0.9995698 -0.02807692 271.2134 0.7781718 -0.01103778 -0.6279545 -19.83002 0 0 0 1
52 1 -0.6279942 -0.027173 -0.7777435 -12.84022 -0.008478849 0.9995698 -0.02807692 271.2134 0.7781718 -0.01103778 -0.6279545 -19.83002 0 0 0 1
53 0 -0.6280494 -0.02701695 -0.7777047 -12.38995 -0.008072926 0.9995695 -0.02820496 271.1986 0.7781319 -0.01143575 -0.6279972 -20.40871 0 0 0 1
53 1 -0.6280494 -0.02701695 -0.7777047 -12.92268 -0.008072926 0.9995695 -0.02820496 271.1986 0.7781319 -0.01143575 -0.6279972 -20.40871 0 0 0 1
54 0 -0.6282593 -0.0268169 -0.7775417 -12.44898 -0.007629447 0.9995701 -0.02830986 271.1842 0.7779666 -0.01185372 -0.6281937 -20.96473 0 0 0 1
54 1 -0.6282593 -0.0268169 -0.7775417 -12.9817 -0.007629447 0.9995701 -0.02830986 271.1842 0.7779666 -0.01185372 -0.6281937 -20.96473 0 0 0 1
55 0 -0.6282166 -0.02675897 -0.7775785 -12.55526 -0.007701976 0.9995733 -0.028176 271.1794 0.7780006 -0.01171173 -0.6281546 -21.3808 0 0 0 1
55 1 -0.6282166 -0.02675897 -0.7775785 -13.08798 -0.007701976 0.9995733 -0.028176 271.1793 0.7780006 -0.01171173 -0.6281546 -21.3808 0 0 0 1
56 0 -0.6279397 -0.02730262 -0.777783 -12.84521 -0.007760372 0.9995545 -0.02882219 271.1548 0.7782234 -0.01206271 -0.6278718 -21.9883 0 0 0 1
56 1 -0.6279397 -0.02730262 -0.777783 -13.37793 -0.007760372 0.9995545 -0.02882219 271.1549 0.7782234 -0.01206271 -0.6278718 -21.9883 0 0 0 1
57 0 -0.6279517 -0.02769137 -0.7777597 -13.07761 -0.007816755 0.9995408 -0.02927653 271.1351 0.7782133 -0.01230469 -0.6278797 -22.53499 0 0 0 1
57 1 -0.6279517 -0.02769137 -0.7777597 -13.61033 -0.007816755 0.9995408 -0.02927653 271.1351 0.7782133 -0.01230469 -0.6278797 -22.53499 0 0 0 1
58 0 -0.6281021 -0.02739039 -0.7776489 -13.12293 -0.007377107 0.999545 -0.02924759 271.1219 0.7780962 -0.01263367 -0.6280183 -23.11771 0 0 0 1
58 1 -0.6281021 -0.02739039 -0.7776489 -13.65565 -0.007377107 0.999545 -0.02924759 271.1218 0.7780962 -0.01263367 -0.6280183 -23.11771 0 0 0 1
59 0 -0.6280407 -0.0272995 -0.7777015 -13.24772 -0.0074718 0.9995499 -0.02905307 271.1166 0.7781446 -0.01243568 -0.627962 -23.62028 0 0 0 1
59 1 -0.6280407 -0.0272995 -0.7777015 -13.78045 -0.0074718 0.9995499 -0.02905307 271.1166 0.7781446 -0.01243568 -0.627962 -23.62028 0 0 0 1
60 0 -0.6278083 -0.02717574 -0.7778935 -13.35814 -0.007815149 0.9995601 -0.02861235 271.1212 0.7783289 -0.01188372 -0.6277446 -23.98772 0 0 0 1
60 1 -0.6278083 -0.02717574 -0.7778935 -13.89087 -0.007815149 0.9995601 -0.02861235 271.1212 0.7783289 -0.01188372 -0.6277446 -23.98772 0 0 0 1
61 0 -0.627883 -0.02732177 -0.7778282 -13.53582 -0.008156473 0.9995598 -0.02852614 271.1169 0.7782651 -0.01156674 -0.6278294 -24.43364 0 0 0 1
61 1 -0.627883 -0.02732177 -0.7778282 -14.06854 -0.008156473 0.9995598 -0.02852614 271.1169 0.7782651 -0.01156674 -0.6278294 -24.43363 0 0 0 1
62 0 -0.6280528 -0.02739672 -0.7776883 -13.70863 -0.008178688 0.9995573 -0.0286078 271.1038 0.7781277 -0.01160674 -0.6279988 -25.04281 0 0 0 1
62 1 -0.6280528 -0.02739672 -0.7776883 -14.24136 -0.008178688 0.9995573 -0.0286078 271.1038 0.7781277 -0.01160674 -0.6279988 -25.04281 0 0 0 1
63 0 -0.62789 -0.0279339 -0.7778006 -14.0059 -0.009577702 0.9995574 -0.02816634 271.1206 0.7782431 -0.01023582 -0.6278796 -25.22506 0 0 0 1
63 1 -0.62789 -0.0279339 -0.7778006 -14.53862 -0.009577702 0.9995574 -0.02816634 271.1206 0.7782431 -0.01023582 -0.6278796 -25.22506 0 0 0 1
64 0 -0.6278694 -0.0274507 -0.7778347 -14.04027 -0.01110596 0.9995921 -0.02631204 271.1765 0.7782397 -0.00788192 -0.6279181 -25.20532 0 0 0 1
64 1 -0.6278694 -0.0274507 -0.7778347 -14.573 -0.01110596 0.9995921 -0.02631204 271.1765 0.7782397 -0.00788192 -0.6279181 -25.20532 0 0 0 1
65 0 -0.627938 -0.02710625 -0.7777913 -14.09526 -0.01262774 0.9996166 -0.02464211 271.2297 0.778161 -0.00565197 -0.6280396 -25.16581 0 0 0 1
65 1 -0.627938 -0.02710625 -0.7777913 -14.62799 -0.01262774 0.9996166 -0.02464211 271.2297 0.778161 -0.00565197 -0.6280396 -25.16581 0 0 0 1
66 0 -0.6276696 -0.02700952 -0.7780113 -14.22718 -0.01397093 0.9996278 -0.02343197 271.2698 0.7783546 -0.003837992 -0.6278133 -25.23497 0 0 0 1
66 1 -0.6276696 -0.02700952 -0.7780113 -14.7599 -0.01397093 0.9996278 -0.02343197 271.2698 0.7783546 -0.003837992 -0.6278133 -25.23497 0 0 0 1
67 0 -0.627416 -0.02721756 -0.7782085 -14.45558 -0.01517265 0.9996265 -0.02272891 271.2954 0.7785364 -0.002452997 -0.6275947 -25.47514 0 0 0 1
67 1 -0.627416 -0.02721756 -0.7782085 -14.9883 -0.01517265 0.9996265 -0.02272891 271.2954 0.7785364 -0.002452997 -0.6275947 -25.47514 0 0 0 1
68 0 -0.627393 -0.02732154 -0.7782234 -14.63277 -0.01543044 0.9996243 -0.02265458 271.2949 0.7785499 -0.002204997 -0.6275789 -25.96691 0 0 0 1
68 1 -0.627393 -0.02732154 -0.7782234 -15.1655 -0.01543044 0.9996243 -0.02265458 271.2949 0.7785499 -0.002204997 -0.6275789 -25.96691 0 0 0 1
69 0 -0.6271253 -0.02740451 -0.7784363 -14.81199 -0.01557289 0.9996223 -0.0226454 271.2915 0.7787628 -0.002078999 -0.6273152 -26.48778 0 0 0 1
69 1 -0.6271253 -0.02740451 -0.7784363 -15.34472 -0.01557289 0.9996223 -0.0226454 271.2915 0.7787628 -0.002078999 -0.6273152 -26.48778 0 0 0 1
70 0 -0.6267577 -0.02732255 -0.7787352 -14.96527 -0.01555364 0.9996246 -0.02255443 271.2881 0.7790591 -0.002023999 -0.6269474 -27.0806 0 0 0 1
70 1 -0.6267577 -0.02732255 -0.7787352 -15.49799 -0.01555364 0.9996246 -0.02255443 271.2881 0.7790591 -0.002023999 -0.6269474 -27.0806 0 0 0 1
71 0 -0.626659 -0.02705265 -0.778824 -15.04369 -0.01546798 0.9996322 -0.0222766 271.29 0.7791401 -0.001913 -0.626847 -27.60337 0 0 0 1
71 1 -0.626659 -0.02705265 -0.778824 -15.57641 -0.01546798 0.9996322 -0.0222766 271.29 0.7791401 -0.001913 -0.626847 -27.60337 0 0 0 1
72 0 -0.6265461 -0.02738954 -0.7789029 -15.28585 -0.01593954 0.9996236 -0.02232932 271.2892 0.7792214 -0.001574998 -0.6267469 -28.06325 0 0 0 1
72 1 -0.6265461 -0.02738954 -0.7789029 -15.81857 -0.01593954 0.9996236 -0.02232932 271.2892 0.7792214 -0.001574998 -0.6267469 -28.06325 0 0 0 1
73 0 -0.6261653 -0.02792235 -0.7791905 -15.60412 -0.01660184 0.9996095 -0.02247969 271.2877 0.7795139 -0.00114 -0.6263843 -28.54676 0 0 0 1
73 1 -0.6261653 -0.02792235 -0.7791905 -16.13684 -0.01660184 0.9996095 -0.02247969 271.2877 0.7795139 -0.00114 -0.6263843 -28.54676 0 0 0 1
74 0 -0.6260364 -0.02774141 -0.7793003 -15.70619 -0.01623437 0.9996141 -0.02254253 271.2764 0.7796249 -0.001461 -0.6262451 -29.1798 0 0 0 1
74 1 -0.6260364 -0.02774141 -0.7793003 -16.23892 -0.01623437 0.9996141 -0.02254253 271.2763 0.7796249 -0.001461 -0.6262451 -29.1798 0 0 0 1
75 0 -0.6259205 -0.02755649 -0.7793999 -15.82048 -0.01623994 0.9996194 -0.0223006 271.2786 0.7797178 -0.001300998 -0.6261297 -29.73411 0 0 0 1
75 1 -0.6259205 -0.02755649 -0.7793999 -16.3532 -0.01623994 0.9996194 -0.0223006 271.2786 0.7797178 -0.001300998 -0.6261297 -29.73411 0 0 0 1
76 0 -0.6255529 -0.02793536 -0.7796817 -16.08179 -0.01676633 0.9996093 -0.02236326 271.2791 0.7800018 -0.0009169998 -0.6257769 -30.1682 0 0 0 1
76 1 -0.6255529 -0.02793536 -0.7796817 -16.61452 -0.01676633 0.9996093 -0.02236326 271.2791 0.7800018 -0.0009169998 -0.6257769 -30.1682 0 0 0 1
77 0 -0.6253483 -0.0280933 -0.77984 -16.27625 -0.01682032 0.9996048 -0.0225221 271.2702 0.7801646 -0.0009669987 -0.6255738 -30.71822 0 0 0 1
77 1 -0.6253483 -0.0280933 -0.77984 -16.80898 -0.01682032 0.9996048 -0.0225221 271.2702 0.7801646 -0.0009669987 -0.6255738 -30.71821 0 0 0 1
78 0 -0.6252651 -0.02822123 -0.7799019 -16.47143 -0.01664824 0.9996009 -0.0228239 271.253 0.7802348 -0.001287 -0.6254854 -31.39313 0 0 0 1
78 1 -0.6252651 -0.02822123 -0.7799019 -17.00415 -0.01664824 0.9996009 -0.0228239 271.253 0.7802348 -0.001287 -0.6254854 -31.39313 0 0 0 1
79 0 -0.625013 -0.02846315 -0.7800954 -16.68941 -0.01702099 0.9995943 -0.02283472 271.2533 0.7804289 -0.0009939987 -0.6252439 -31.84328 0 0 0 1
79 1 -0.625013 -0.02846315 -0.7800954 -17.22213 -0.01702099 0.9995943 -0.02283472 271.2534 0.7804289 -0.0009939987 -0.6252439 -31.84328 0 0 0 1
80 0 -0.624648 -0.02850513 -0.7803863 -16.85744 -0.01717871 0.9995933 -0.02276167 271.2535 0.7807177 -0.0008120006 -0.6248837 -32.31911 0 0 0 1
80 1 -0.624648 -0.02850513 -0.7803863 -17.39016 -0.01717871 0.9995933 -0.02276167 271.2536 0.7807177 -0.0008120006 -0.6248837 -32.31912 0 0 0 1
81 0 -0.6245829 -0.02807127 -0.780454 -16.89739 -0.01616347 0.9996043 -0.02301832 271.2245 0.7807913 -0.001762 -0.6247895 -33.15387 0 0 0 1
81 1 -0.6245829 -0.02807127 -0.780454 -17.43012 -0.01616347 0.9996043 -0.02301832 271.2245 0.7807913 -0.001762 -0.6247895 -33.15387 0 0 0 1
82 0 -0.624441 -0.02816619 -0.7805642 -17.06953 -0.01567256 0.9996002 -0.02353215 271.1943 0.7809149 -0.002460999 -0.6246328 -33.86482 0 0 0 1
82 1 -0.624441 -0.02816619 -0.7805642 -17.60226 -0.01567256 0.9996002 -0.02353215 271.1943 0.7809149 -0.002460999 -0.6246328 -33.86482 0 0 0 1
83 0 -0.6240257 -0.0281352 -0.7808973 -17.23231 -0.01553829 0.9996008 -0.02359808 271.1841 0.7812495 -0.002591996 -0.6242137 -34.46755 0 0 0 1
83 1 -0.6240257 -0.0281352 -0.7808973 -17.76504 -0.01553829 0.9996008 -0.02359808 271.1841 0.7812495 -0.002591996 -0.6242137 -34.46756 0 0 0 1
84 0 -0.6238856 -0.02771631 -0.7810242 -17.26412 -0.01480889 0.9996108 -0.02364392 271.1651 0.7813755 -0.003184995 -0.6240532 -35.14377 0 0 0 1
84 1 -0.6238856 -0.02771631 -0.7810242 -17.79685 -0.01480889 0.9996108 -0.02364392 271.1651 0.7813755 -0.003184995 -0.6240532 -35.14377 0 0 0 1
85 0 -0.6238794 -0.02803515 -0.7810178 -17.48794 -0.01466859 0.9996004 -0.024164 271.1386 0.7813832 -0.003618992 -0.6240413 -35.77663 0 0 0 1
85 1 -0.6238794 -0.02803515 -0.7810178 -18.02066 -0.01466859 0.9996004 -0.024164 271.1386 0.7813832 -0.003618992 -0.6240413 -35.77663 0 0 0 1
86 0 -0.6238297 -0.02832504 -0.7810468 -17.71911 -0.01496381 0.9995927 -0.02429898 271.1325 0.781417 -0.003470993 -0.6239995 -36.30148 0 0 0 1
86 1 -0.6238297 -0.02832504 -0.7810468 -18.25184 -0.01496381 0.9995927 -0.02429898 271.1325 0.781417 -0.003470993 -0.6239995 -36.30148 0 0 0 1
87 0 -0.623759 -0.02856196 -0.7810948 -17.92216 -0.01524715 0.9995866 -0.02437554 271.1291 0.781468 -0.003294994 -0.6239367 -36.76532 0 0 0 1
87 1 -0.623759 -0.02856196 -0.7810948 -18.45488 -0.01524715 0.9995866 -0.02437554 271.1291 0.781468 -0.003294994 -0.6239367 -36.76532 0 0 0 1
88 0 -0.6240618 -0.02816509 -0.7808673 -17.93797 -0.01473744 0.9995967 -0.02427641 271.118 0.7812361 -0.003641992 -0.6242251 -37.37361 0 0 0 1
88 1 -0.6240618 -0.02816509 -0.7808673 -18.47069 -0.01473744 0.9995967 -0.02427641 271.118 0.7812361 -0.003641992 -0.6242251 -37.37361 0 0 0 1
89 0 -0.6241306 -0.02810906 -0.7808145 -18.0689 -0.01434195 0.9995964 -0.02452115 271.0952 0.7811887 -0.00410599 -0.6242819 -38.05978 0 0 0 1
89 1 -0.6241306 -0.02810906 -0.7808145 -18.60163 -0.01434195 0.9995964 -0.02452115 271.0952 0.7811887 -0.00410599 -0.6242819 -38.05978 0 0 0 1
90 0 -0.6241086 -0.02821002 -0.7808284 -18.23196 -0.01437621 0.9995934 -0.02462287 271.0861 0.7812055 -0.004141986 -0.6242604 -38.57643 0 0 0 1
90 1 -0.6241086 -0.02821002 -0.7808284 -18.76468 -0.01437621 0.9995934 -0.02462287 271.0861 0.7812055 -0.004141986 -0.6242604 -38.57643 0 0 0 1
91 0 -0.6242995 -0.02842293 -0.7806679 -18.41476 -0.01453172 0.9995875 -0.02477246 271.0774 0.78105 -0.004120989 -0.624455 -39.07888 0 0 0 1
91 1 -0.6242995 -0.02842293 -0.7806679 -18.94748 -0.01453172 0.9995875 -0.02477246 271.0774 0.78105 -0.004120989 -0.624455 -39.07888 0 0 0 1
92 0 -0.6245618 -0.028259 -0.7804641 -18.50501 -0.01440941 0.999592 -0.02466212 271.0728 0.7808426 -0.004156987 -0.6247141 -39.64606 0 0 0 1
92 1 -0.6245618 -0.028259 -0.7804641 -19.03773 -0.01440941 0.999592 -0.02466212 271.0728 0.7808426 -0.004156987 -0.6247141 -39.64606 0 0 0 1
93 0 -0.6245198 -0.02873585 -0.7804803 -18.76934 -0.01506089 0.9995802 -0.02475138 271.0762 0.7808639 -0.003702994 -0.6246904 -40.02465 0 0 0 1
93 1 -0.6245198 -0.02873585 -0.7804803 -19.30207 -0.01506089 0.9995802 -0.02475138 271.0763 0.7808639 -0.003702994 -0.6246904 -40.02466 0 0 0 1
94 0 -0.624588 -0.02878686 -0.7804237 -18.92587 -0.01540116 0.9995801 -0.02454486 271.085 0.7808025 -0.003310994 -0.6247691 -40.4689 0 0 0 1
94 1 -0.624588 -0.02878686 -0.7804237 -19.4586 -0.01540116 0.9995801 -0.02454486 271.085 0.7808025 -0.003310994 -0.6247691 -40.46891 0 0 0 1
95 0 -0.6248034 -0.02848397 -0.7802624 -18.96537 -0.01505915 0.9995881 -0.02443182 271.0772 0.780637 -0.003514992 -0.624975 -41.02451 0 0 0 1
95 1 -0.6248034 -0.02848397 -0.7802624 -19.4981 -0.01505915 0.9995881 -0.02443182 271.0772 0.780637 -0.003514992 -0.624975 -41.02451 0 0 0 1
96 0 -0.6249647 -0.02825508 -0.7801415 -19.02669 -0.01501469 0.999595 -0.02417508 271.0814 0.7805086 -0.003394992 -0.6251358 -41.4897 0 0 0 1
96 1 -0.6249647 -0.02825508 -0.7801415 -19.55941 -0.01501469 0.999595 -0.02417508 271.0813 0.7805086 -0.003394992 -0.6251358 -41.4897 0 0 0 1
97 0 -0.6249634 -0.02817111 -0.7801458 -19.149 -0.0149215 0.9995972 -0.02414212 271.0748 0.7805116 -0.003446992 -0.6251321 -42.04652 0 0 0 1
97 1 -0.6249634 -0.02817111 -0.7801458 -19.68173 -0.0149215 0.9995972 -0.02414212 271.0748 0.7805116 -0.003446992 -0.6251321 -42.04652 0 0 0 1
98 0 -0.6250051 -0.02846895 -0.7801014 -19.35647 -0.01485463 0.9995875 -0.02457756 271.0499 0.7804793 -0.003772991 -0.6251702 -42.62645 0 0 0 1
98 1 -0.6250051 -0.02846895 -0.7801014 -19.8892 -0.01485463 0.9995875 -0.02457756 271.0499 0.7804793 -0.003772991 -0.6251702 -42.62645 0 0 0 1
99 0 -0.6252185 -0.02848994 -0.7799295 -19.48048 -0.01484716 0.9995868 -0.02461177 271.0427 0.7803085 -0.00380799 -0.6253833 -43.12861 0 0 0 1
99 1 -0.6252185 -0.02848994 -0.7799295 -20.01321 -0.01484716 0.9995868 -0.02461177 271.0427 0.7803085 -0.00380799 -0.6253833 -43.12861 0 0 0 1
100 0 -0.6253015 -0.02855495 -0.7798607 -19.63561 -0.01520114 0.9995864 -0.02441186 271.0529 0.7802352 -0.003409993 -0.625477 -43.55721 0 0 0 1
100 1 -0.6253015 -0.02855495 -0.7798607 -20.16834 -0.01520114 0.9995864 -0.02441186 271.0529 0.7802352 -0.003409993 -0.625477 -43.55721 0 0 0 1
101 0 -0.6251438 -0.02847801 -0.7799899 -19.75225 -0.01536039 0.9995895 -0.02418475 271.0608 0.7803585 -0.003137995 -0.6253246 -43.96509 0 0 0 1
101 1 -0.6251438 -0.02847801 -0.7799899 -20.28498 -0.01536039 0.9995895 -0.02418475 271.0608 0.7803585 -0.003137995 -0.6253246 -43.96509 0 0 0 1
102 0 -0.6251277 -0.02771633 -0.7800303 -19.6892 -0.01500811 0.9996114 -0.02349085 271.0773 0.7803783 -0.002977997 -0.6253008 -44.45048 0 0 0 1
102 1 -0.6251277 -0.02771633 -0.7800303 -20.22193 -0.01500811 0.9996114 -0.02349085 271.0773 0.7803783 -0.002977997 -0.6253008 -44.45048 0 0 0 1
103 0 -0.6249981 -0.02765038 -0.7801365 -19.80609 -0.0152573 0.9996143 -0.02320611 271.0903 0.7804772 -0.002600998 -0.6251788 -44.82519 0 0 0 1
103 1 -0.6249981 -0.02765038 -0.7801365 -20.33881 -0.0152573 0.9996143 -0.02320611 271.0903 0.7804772 -0.002600998 -0.6251788 -44.82519 0 0 0 1
104 0 -0.6247324 -0.02795729 -0.7803384 -20.02938 -0.01575843 0.9996067 -0.02319698 271.0975 0.7806801 -0.002194998 -0.6249273 -45.18752 0 0 0 1
104 1 -0.6247324 -0.02795729 -0.7803384 -20.56211 -0.01575843 0.9996067 -0.02319698 271.0975 0.7806801 -0.002194998 -0.6249273 -45.18752 0 0 0 1
105 0 -0.6243103 -0.02826016 -0.7806652 -20.27243 -0.01581096 0.9995978 -0.02354128 271.0784 0.7810165 -0.002353998 -0.624506 -45.74469 0 0 0 1
105 1 -0.6243103 -0.02826016 -0.7806652 -20.80516 -0.01581096 0.9995978 -0.02354128 271.0784 0.7810165 -0.002353998 -0.624506 -45.74469 0 0 0 1
106 0 -0.6240419 -0.02802423 -0.7808884 -20.34917 -0.01545304 0.9996038 -0.02352422 271.0662 0.7812383 -0.002612998 -0.6242278 -46.2809 0 0 0 1
106 1 -0.6240419 -0.02802423 -0.7808884 -20.8819 -0.01545304 0.9996038 -0.02352422 271.0662 0.7812383 -0.002612998 -0.6242278 -46.2809 0 0 0 1
107 0 -0.623598 -0.02766442 -0.7812557 -20.4023 -0.01577018 0.9996154 -0.02280884 271.1013 0.7815862 -0.001902999 -0.6237944 -46.54966 0 0 0 1
107 1 -0.623598 -0.02766442 -0.7812557 -20.93503 -0.01577018 0.9996154 -0.02280884 271.1013 0.7815862 -0.001902999 -0.6237944 -46.54966 0 0 0 1
108 0 -0.6228302 -0.02775342 -0.7818648 -20.60698 -0.01629701 0.999614 -0.02250061 271.1231 0.7821875 -0.001271999 -0.6230421 -46.87835 0 0 0 1
108 1 -0.6228302 -0.02775342 -0.7818648 -21.1397 -0.01629701 0.999614 -0.02250061 271.1231 0.7821875 -0.001271999 -0.6230421 -46.87835 0 0 0 1
109 0 -0.6221895 -0.02797633 -0.7823666 -20.82639 -0.01644875 0.9996078 -0.02266344 271.1154 0.7826938 -0.001231999 -0.6224058 -47.3204 0 0 0 1
109 1 -0.6221895 -0.02797633 -0.7823666 -21.35911 -0.01644875 0.9996078 -0.02266344 271.1154 0.7826938 -0.001231999 -0.6224058 -47.3204 0 0 0 1
110 0 -0.6216818 -0.02765644 -0.7827816 -20.89186 -0.01602499 0.9996164 -0.02259045 271.1044 0.7831061 -0.001500001 -0.6218865 -47.84441 0 0 0 1
110 1 -0.6216818 -0.02765644 -0.7827816 -21.42459 -0.01602499 0.9996164 -0.02259045 271.1045 0.7831061 -0.001500001 -0.6218865 -47.84441 0 0 0 1
111 0 -0.621012 -0.02755648 -0.7833166 -21.03799 -0.01600859 0.9996192 -0.02247427 271.105 0.7836376 -0.001417001 -0.6212168 -48.31371 0 0 0 1
111 1 -0.621012 -0.02755648 -0.7833166 -21.57071 -0.01600859 0.9996192 -0.02247427 271.105 0.7836376 -0.001417001 -0.6212168 -48.31371 0 0 0 1
112 0 -0.6203113 -0.02800033 -0.783856 -21.32027 -0.01661635 0.9996074 -0.02255775 271.1124 0.7841799 -0.0009680009 -0.6205331 -48.63598 0 0 0 1
112 1 -0.6203113 -0.02800033 -0.783856 -21.853 -0.01661635 0.9996074 -0.02255775 271.1123 0.7841799 -0.0009680009 -0.6205331 -48.63598 0 0 0 1
113 0 -0.6194829 -0.02813328 -0.7845059 -21.5382 -0.01679274 0.9996039 -0.02258659 271.1113 0.7848305 -0.0008180011 -0.61971 -49.07931 0 0 0 1
113 1 -0.6194829 -0.02813328 -0.7845059 -22.07092 -0.01679274 0.9996039 -0.02258659 271.1113 0.7848305 -0.0008180011 -0.61971 -49.07931 0 0 0 1
114 0 -0.6189172 -0.02794335 -0.7849591 -21.64069 -0.01649065 0.999609 -0.02258216 271.1001 0.7852832 -0.001032 -0.6191361 -49.57717 0 0 0 1
114 1 -0.6189172 -0.02794335 -0.7849591 -22.17341 -0.01649065 0.999609 -0.02258216 271.1001 0.7852832 -0.001032 -0.6191361 -49.57717 0 0 0 1
115 0 -0.618307 -0.02787538 -0.7854423 -21.77932 -0.01650255 0.999611 -0.02248528 271.1013 0.7857636 -0.0009410009 -0.6185265 -49.98912 0 0 0 1
115 1 -0.618307 -0.02787538 -0.7854423 -22.31204 -0.01650255 0.999611 -0.02248528 271.1013 0.7857636 -0.0009410009 -0.6185265 -49.98912 0 0 0 1
116 0 -0.617395 -0.02825323 -0.7861456 -22.06822 -0.01680364 0.9996005 -0.02272792 271.0934 0.7864736 -0.0008220011 -0.6176231 -50.42997 0 0 0 1
116 1 -0.617395 -0.02825323 -0.7861456 -22.60095 -0.01680364 0.9996005 -0.02272792 271.0934 0.7864736 -0.0008220011 -0.6176231 -50.42997 0 0 0 1
117 0 -0.6167183 -0.0283322 -0.786674 -22.24944 -0.01686038 0.9995983 -0.02278289 271.0885 0.7870035 -0.0007869992 -0.6169481 -50.85015 0 0 0 1
117 1 -0.6167183 -0.0283322 -0.786674 -22.78216 -0.01686038 0.9995983 -0.02278289 271.0885 0.7870035 -0.0007869992 -0.6169481 -50.85015 0 0 0 1
118 0 -0.6162479 -0.0280783 -0.7870517 -22.32752 -0.01650658 0.9996052 -0.02273684 271.0777 0.7873794 -0.001020001 -0.6164681 -51.34349 0 0 0 1
118 1 -0.6162479 -0.0280783 -0.7870517 -22.86024 -0.01650658 0.9996052 -0.02273684 271.0777 0.7873794 -0.001020001 -0.6164681 -51.34349 0 0 0 1
119 0 -0.6156044 -0.02829622 -0.7875472 -22.55452 -0.01683117 0.9995993 -0.02275868 271.0814 0.7878757 -0.0007549999 -0.615834 -51.73866 0 0 0 1
119 1 -0.6156044 -0.02829622 -0.7875472 -23.08725 -0.01683117 0.9995993 -0.02275868 271.0814 0.7878757 -0.0007549999 -0.615834 -51.73866 0 0 0 1
120 0 -0.614843 -0.02864907 -0.7881292 -22.81327 -0.01699641 0.9995892 -0.0230764 271.0664 0.7884666 -0.0007929998 -0.6150774 -52.16667 0 0 0 1
120 1 -0.614843 -0.02864907 -0.7881292 -23.34599 -0.01699641 0.9995892 -0.0230764 271.0664 0.7884666 -0.0007929998 -0.6150774 -52.16667 0 0 0 1
121 0 -0.6141441 -0.02878202 -0.788669 -23.00861 -0.01718478 0.9995855 -0.02309735 271.0669 0.7890068 -0.0006320002 -0.6143841 -52.53824 0 0 0 1
121 1 -0.6141441 -0.02878202 -0.788669 -23.54134 -0.01718478 0.9995855 -0.02309735 271.0669 0.7890068 -0.0006320002 -0.6143841 -52.53823 0 0 0 1
122 0 -0.6136409 -0.02890997 -0.7890558 -23.20047 -0.01738133 0.9995819 -0.02310608 271.0681 0.7893939 -0.0004639989 -0.6138868 -52.95076 0 0 0 1
122 1 -0.6136409 -0.02890997 -0.7890558 -23.7332 -0.01738133 0.9995819 -0.02310608 271.068 0.7893939 -0.0004639989 -0.6138868 -52.95076 0 0 0 1
123 0 -0.6131891 -0.02912388 -0.7893992 -23.39975 -0.01771275 0.9995758 -0.02311919 271.0732 0.7897376 -0.0001940001 -0.6134448 -53.28922 0 0 0 1
123 1 -0.6131891 -0.02912388 -0.7893992 -23.93247 -0.01771275 0.9995758 -0.02311919 271.0732 0.7897376 -0.0001940001 -0.6134448 -53.28922 0 0 0 1
124 0 -0.6127969 -0.02975761 -0.7896801 -23.71833 -0.0186252 0.999557 -0.02321315 271.0901 0.790021 0.0004830007 -0.6130797 -53.55636 0 0 0 1
124 1 -0.6127969 -0.02975761 -0.7896801 -24.25105 -0.0186252 0.999557 -0.02321315 271.0901 0.790021 0.0004830007 -0.6130797 -53.55636 0 0 0 1
125 0 -0.6125301 -0.03010045 -0.7898739 -23.9376 -0.01871696 0.9995468 -0.02357605 271.0708 0.7902256 0.0003429996 -0.612816 -53.99982 0 0 0 1
125 1 -0.6125301 -0.03010045 -0.7898739 -24.47032 -0.01871696 0.9995468 -0.02357605 271.0708 0.7902256 0.0003429996 -0.612816 -53.99982 0 0 0 1
126 0 -0.6124185 -0.03041131 -0.7899488 -24.13731 -0.01859749 0.9995375 -0.02406208 271.0388 0.7903151 -4.499964E-05 -0.6127008 -54.50909 0 0 0 1
126 1 -0.6124185 -0.03041131 -0.7899488 -24.67003 -0.01859749 0.9995375 -0.02406208 271.0389 0.7903151 -4.499964E-05 -0.6127008 -54.50909 0 0 0 1
127 0 -0.6125081 -0.03014443 -0.7898893 -24.17839 -0.01840016 0.9995456 -0.02387738 271.0393 0.7902502 -9.09986E-05 -0.6127844 -54.96582 0 0 0 1
127 1 -0.6125081 -0.03014443 -0.7898893 -24.71111 -0.01840016 0.9995456 -0.02387738 271.0393 0.7902502 -9.09986E-05 -0.6127844 -54.96582 0 0 0 1
128 0 -0.612566 -0.03024939 -0.7898405 -24.30925 -0.01878725 0.9995424 -0.02370999 271.0561 0.7901962 0.0003150003 -0.6128539 -55.25569 0 0 0 1
128 1 -0.612566 -0.03024939 -0.7898405 -24.84197 -0.01878725 0.9995424 -0.02370999 271.0561 0.7901962 0.0003150003 -0.6128539 -55.2557 0 0 0 1
129 0 -0.6125479 -0.03072417 -0.7898363 -24.54358 -0.01909217 0.9995279 -0.02407435 271.0424 0.790203 0.000333 -0.6128453 -55.64535 0 0 0 1
129 1 -0.6125479 -0.03072417 -0.7898363 -25.07631 -0.01909217 0.9995279 -0.02407435 271.0424 0.790203 0.000333 -0.6128453 -55.64535 0 0 0 1
130 0 -0.6126107 -0.03124192 -0.7897671 -24.79256 -0.019105 0.9995118 -0.02471961 271.0046 0.7901539 -5.499925E-05 -0.6129086 -56.18163 0 0 0 1
130 1 -0.6126107 -0.03124192 -0.7897671 -25.32529 -0.019105 0.9995118 -0.02471961 271.0046 0.7901539 -5.499925E-05 -0.6129086 -56.18163 0 0 0 1
131 0 -0.6128159 -0.03118694 -0.7896103 -24.86689 -0.01876784 0.9995134 -0.0249117 270.981 0.7900031 -0.0004469994 -0.613103 -56.67866 0 0 0 1
131 1 -0.6128159 -0.03118694 -0.7896103 -25.39962 -0.01876784 0.9995134 -0.0249117 270.981 0.7900031 -0.0004469994 -0.613103 -56.67866 0 0 0 1
132 0 -0.6129798 -0.03103501 -0.7894888 -24.92723 -0.01877222 0.9995182 -0.02471608 270.9881 0.7898755 -0.0003300002 -0.6132671 -57.07152 0 0 0 1
132 1 -0.6129798 -0.03103501 -0.7894888 -25.45996 -0.01877222 0.9995182 -0.02471608 270.9881 0.7898755 -0.0003300002 -0.6132671 -57.07152 0 0 0 1
133 0 -0.6130366 -0.031085 -0.7894427 -25.0381 -0.01915554 0.9995167 -0.02448173 271.0092 0.7898223 0.0001140023 -0.6133358 -57.33177 0 0 0 1
133 1 -0.6130366 -0.031085 -0.7894427 -25.57082 -0.01915554 0.9995167 -0.02448173 271.0092 0.7898223 0.0001140023 -0.6133358 -57.33177 0 0 0 1
134 0 -0.6129857 -0.03138085 -0.7894706 -25.22114 -0.01924312 0.9995075 -0.02478831 270.9918 0.7898597 -2.99979E-06 -0.6132877 -57.73768 0 0 0 1
134 1 -0.6129857 -0.03138085 -0.7894706 -25.75387 -0.01924312 0.9995075 -0.02478831 270.9918 0.7898597 -2.99979E-06 -0.6132877 -57.73768 0 0 0 1
135 0 -0.6129318 -0.03174566 -0.789498 -25.43201 -0.01970087 0.9994959 -0.02489478 270.9963 0.7898903 0.0002950011 -0.6132483 -58.06574 0 0 0 1
135 1 -0.6129318 -0.03174566 -0.789498 -25.96474 -0.01970087 0.9994959 -0.02489478 270.9964 0.7898903 0.0002950011 -0.6132483 -58.06575 0 0 0 1
136 0 -0.6128483 -0.03185661 -0.7895583 -25.56556 -0.01984221 0.9994923 -0.02492555 270.9959 0.7899516 0.000391 -0.6131693 -58.40536 0 0 0 1
136 1 -0.6128483 -0.03185661 -0.7895583 -26.09829 -0.01984221 0.9994923 -0.02492555 270.996 0.7899516 0.000391 -0.6131693 -58.40536 0 0 0 1
137 0 -0.6126747 -0.03210748 -0.7896828 -25.74209 -0.01965155 0.9994844 -0.02539111 270.9609 0.7900909 -3.800076E-05 -0.6129898 -58.88177 0 0 0 1
137 1 -0.6126747 -0.03210748 -0.7896828 -26.27482 -0.01965155 0.9994844 -0.02539111 270.9609 0.7900909 -3.800076E-05 -0.6129898 -58.88178 0 0 0 1
138 0 -0.6123203 -0.03197454 -0.7899629 -25.83798 -0.01919092 0.9994885 -0.02557994 270.9325 0.7903768 -0.0005030008 -0.6126207 -59.39568 0 0 0 1
138 1 -0.6123203 -0.03197454 -0.7899629 -26.37071 -0.01919092 0.9994885 -0.02557994 270.9325 0.7903768 -0.0005030008 -0.6126207 -59.39568 0 0 0 1
139 0 -0.6118307 -0.03203752 -0.7903398 -25.98663 -0.01944071 0.9994866 -0.02546582 270.9436 0.7907499 -0.0002159998 -0.6121395 -59.66455 0 0 0 1
