frame cameraID r1,1 r1,2 r1,3 t1 r2,1 r2,2 r2,3 t2 r3,1 r3,2 r3,3 t3 0 0 0 1
0 0 -0.505625 0.07217909 -0.8597289 8.052627 0.03523756 0.9973904 0.06301261 112.3635 0.8620335 0.001566004 -0.5068489 -0.9638949 0 0 0 1
0 1 -0.505625 0.07217909 -0.8597289 7.519902 0.03523756 0.9973904 0.06301261 112.3635 0.8620335 0.001566004 -0.5068489 -0.9638949 0 0 0 1
1 0 -0.5053852 0.07307381 -0.8597943 8.448187 0.0371366 0.9973266 0.06293385 112.3327 0.8620944 -0.000124 -0.5067477 -2.290686 0 0 0 1
1 1 -0.5053852 0.07307381 -0.8597943 7.915462 0.0371366 0.9973266 0.06293385 112.3327 0.8620944 -0.000124 -0.5067477 -2.290686 0 0 0 1
2 0 -0.5057089 0.06971319 -0.859883 8.345834 0.03315692 0.9975639 0.06137535 112.3495 0.8620669 0.002526995 -0.5067885 -3.029772 0 0 0 1
2 1 -0.5057089 0.06971319 -0.859883 7.813108 0.03315692 0.9975639 0.06137535 112.3495 0.8620669 0.002526995 -0.5067885 -3.029772 0 0 0 1
3 0 -0.5058432 0.06922305 -0.8598436 8.56252 0.02932891 0.9975789 0.06305754 112.3533 0.8621268 0.006678952 -0.5066488 -3.600067 0 0 0 1
3 1 -0.5058432 0.06922305 -0.8598436 8.029795 0.02932891 0.9975789 0.06305754 112.3533 0.8621268 0.006678952 -0.5066488 -3.600067 0 0 0 1
4 0 -0.5056759 0.06872611 -0.8599818 8.801731 0.02721147 0.9975966 0.06372315 112.3548 0.8622944 0.008821886 -0.5063307 -4.500145 0 0 0 1
4 1 -0.5056759 0.06872611 -0.8599818 8.269006 0.02721147 0.9975966 0.06372315 112.3548 0.8622944 0.008821886 -0.5063307 -4.500145 0 0 0 1
5 0 -0.5055209 0.06907684 -0.8600448 9.108843 0.02681654 0.9975664 0.06435992 112.3459 0.8623976 0.009471856 -0.5061431 -5.461188 0 0 0 1
5 1 -0.5055209 0.06907684 -0.8600448 8.576118 0.02681654 0.9975664 0.06435992 112.3459 0.8623976 0.009471856 -0.5061431 -5.461188 0 0 0 1
6 0 -0.5052322 0.07004397 -0.8601363 9.510387 0.02799144 0.9975063 0.06478873 112.3218 0.8625295 0.008656891 -0.5059329 -6.688236 0 0 0 1
6 1 -0.5052322 0.07004397 -0.8601363 8.977662 0.02799144 0.9975063 0.06478873 112.3218 0.8625295 0.008656891 -0.5059329 -6.688236 0 0 0 1
7 0 -0.505049 0.06970146 -0.8602718 9.744833 0.02878324 0.9975395 0.06392518 112.3062 0.8626108 0.007523932 -0.5058126 -7.84901 0 0 0 1
7 1 -0.505049 0.06970146 -0.8602718 9.212109 0.02878324 0.9975395 0.06392518 112.3062 0.8626108 0.007523932 -0.5058126 -7.849011 0 0 0 1
8 0 -0.5049616 0.06916812 -0.8603661 9.969072 0.02912133 0.9975818 0.06310768 112.2931 0.8626506 0.00681195 -0.5057548 -8.966039 0 0 0 1
8 1 -0.5049616 0.06916812 -0.8603661 9.436346 0.02912133 0.9975818 0.06310768 112.2931 0.8626506 0.00681195 -0.5057548 -8.96604 0 0 0 1
9 0 -0.5047907 0.0680699 -0.8605538 10.15871 0.02884828 0.9976596 0.06199292 112.2869 0.8627596 0.006467951 -0.505573 -10.14476 0 0 0 1
9 1 -0.5047907 0.0680699 -0.8605538 9.625982 0.02884828 0.9976596 0.06199292 112.2869 0.8627596 0.006467951 -0.505573 -10.14477 0 0 0 1
10 0 -0.5047433 0.06742695 -0.8606322 10.3583 0.0277045 0.9976967 0.06191726 112.2923 0.8628248 0.007408936 -0.5054488 -11.07433 0 0 0 1
10 1 -0.5047433 0.06742695 -0.8606322 9.825577 0.0277045 0.9976967 0.06191726 112.2923 0.8628248 0.007408936 -0.5054488 -11.07433 0 0 0 1
11 0 -0.5048057 0.06772285 -0.8605723 10.64205 0.02718132 0.9976705 0.06256744 112.2894 0.8628049 0.008192906 -0.5054705 -12.0292 0 0 0 1
11 1 -0.5048057 0.06772285 -0.8605723 10.10933 0.02718132 0.9976705 0.06256744 112.2894 0.8628049 0.008192906 -0.5054705 -12.0292 0 0 0 1
12 0 -0.5048225 0.06599703 -0.8606966 10.7302 0.02673056 0.9977901 0.06083095 112.2918 0.8628092 0.007701924 -0.505471 -13.21687 0 0 0 1
12 1 -0.5048225 0.06599703 -0.8606966 10.19748 0.02673056 0.9977901 0.06083095 112.2918 0.8628092 0.007701924 -0.505471 -13.21687 0 0 0 1
13 0 -0.5048465 0.06695717 -0.8606084 11.0886 0.02772145 0.9977304 0.06136371 112.2643 0.8627639 0.007121935 -0.5055568 -14.31186 0 0 0 1
13 1 -0.5048465 0.06695717 -0.8606084 10.55587 0.02772145 0.9977304 0.06136371 112.2643 0.8627639 0.007121935 -0.5055568 -14.31186 0 0 0 1
14 0 -0.5047556 0.0666533 -0.8606853 11.30755 0.02663363 0.9977425 0.06164781 112.2744 0.8628513 0.008193908 -0.5053914 -15.21552 0 0 0 1
14 1 -0.5047556 0.0666533 -0.8606853 10.77483 0.02663363 0.9977425 0.06164781 112.2744 0.8628513 0.008193908 -0.5053914 -15.21552 0 0 0 1
15 0 -0.5047125 0.06642501 -0.8607284 11.56045 0.02532549 0.9977455 0.06214873 112.2901 0.8629161 0.009568857 -0.5052568 -16.18209 0 0 0 1
15 1 -0.5047125 0.06642501 -0.8607284 11.02773 0.02532549 0.9977455 0.06214873 112.2901 0.8629161 0.009568857 -0.5052568 -16.18209 0 0 0 1
16 0 -0.5045738 0.06667416 -0.8607904 11.84013 0.02506052 0.9977246 0.06259082 112.2877 0.8630049 0.01000984 -0.5050966 -17.146 0 0 0 1
16 1 -0.5045738 0.06667416 -0.8607904 11.30741 0.02506052 0.9977246 0.06259082 112.2877 0.8630049 0.01000984 -0.5050966 -17.146 0 0 0 1
17 0 -0.5044159 0.06953394 -0.8606566 12.41105 0.02600993 0.9975235 0.0653477 112.2564 0.8630691 0.0105768 -0.5049752 -18.09316 0 0 0 1
17 1 -0.5044159 0.06953394 -0.8606566 11.87832 0.02600993 0.9975235 0.0653477 112.2564 0.8630691 0.0105768 -0.5049752 -18.09316 0 0 0 1
18 0 -0.5043151 0.06850009 -0.8607984 12.56811 0.02624587 0.9976041 0.06401008 112.245 0.8631207 0.009688849 -0.5049046 -19.29877 0 0 0 1
18 1 -0.5043151 0.06850009 -0.8607984 12.03538 0.02624587 0.9976041 0.06401008 112.245 0.8631207 0.009688849 -0.5049046 -19.29877 0 0 0 1
19 0 -0.5042046 0.0675002 -0.8609424 12.70539 0.02846419 0.9976979 0.06155237 112.1855 0.8631152 0.006528953 -0.5049653 -20.65253 0 0 0 1
19 1 -0.5042046 0.0675002 -0.8609424 12.17267 0.02846419 0.9976979 0.06155237 112.1855 0.8631152 0.006528953 -0.5049653 -20.65253 0 0 0 1
20 0 -0.5038108 0.06908594 -0.861047 13.12461 0.03025264 0.9975963 0.0623407 112.1295 0.8632842 0.005358975 -0.5046898 -21.78006 0 0 0 1
20 1 -0.5038108 0.06908594 -0.861047 12.59188 0.03025264 0.9975963 0.0623407 112.1295 0.8632842 0.005358975 -0.5046898 -21.78006 0 0 0 1
21 0 -0.5041301 0.06548552 -0.8611415 13.00768 0.02708142 0.9978294 0.06002594 112.1992 0.8632031 0.006939944 -0.5048093 -22.69296 0 0 0 1
21 1 -0.5041301 0.06548552 -0.8611415 12.47496 0.02708142 0.9978294 0.06002594 112.1992 0.8632031 0.006939944 -0.5048093 -22.69296 0 0 0 1
22 0 -0.504452 0.06289297 -0.8611461 12.97611 0.02409708 0.9979807 0.05877069 112.2693 0.8631034 0.008895883 -0.5049489 -23.46402 0 0 0 1
22 1 -0.504452 0.06289297 -0.8611461 12.44339 0.02409708 0.9979807 0.05877069 112.2693 0.8631034 0.008895883 -0.5049489 -23.46402 0 0 0 1
23 0 -0.5044705 0.0611671 -0.8612596 13.03344 0.02280382 0.9980835 0.05752739 112.2969 0.8631277 0.00938086 -0.5048985 -24.39786 0 0 0 1
23 1 -0.5044705 0.0611671 -0.8612596 12.50072 0.02280382 0.9980835 0.05752739 112.2969 0.8631277 0.00938086 -0.5048985 -24.39786 0 0 0 1
24 0 -0.504687 0.05908941 -0.861278 13.08198 0.0209425 0.9981992 0.05621135 112.3415 0.8630485 0.01033182 -0.5050155 -25.37641 0 0 0 1
24 1 -0.504687 0.05908941 -0.861278 12.54925 0.0209425 0.9981992 0.05621135 112.3415 0.8630485 0.01033182 -0.5050155 -25.37641 0 0 0 1
25 0 -0.5044926 0.05745299 -0.8615026 13.10733 0.02120819 0.9983072 0.05415697 112.3272 0.8631557 0.009050878 -0.5048571 -26.52814 0 0 0 1
25 1 -0.5044926 0.05745299 -0.8615026 12.5746 0.02120819 0.9983072 0.05415697 112.3272 0.8631557 0.009050878 -0.5048571 -26.52814 0 0 0 1
26 0 -0.5038847 0.05487218 -0.8620265 13.05058 0.02187574 0.9984707 0.0507704 112.2925 0.863494 0.00672495 -0.5043145 -27.78789 0 0 0 1
26 1 -0.5038847 0.05487218 -0.8620265 12.51785 0.02187574 0.9984707 0.0507704 112.2925 0.863494 0.00672495 -0.5043145 -27.78789 0 0 0 1
27 0 -0.5034938 0.05264486 -0.8623934 13.06385 0.02181586 0.9985983 0.04822268 112.2783 0.8637233 0.005465971 -0.5039365 -29.02825 0 0 0 1
27 1 -0.5034938 0.05264486 -0.8623934 12.53112 0.02181586 0.9985983 0.04822268 112.2783 0.8637233 0.005465971 -0.5039365 -29.02826 0 0 0 1
28 0 -0.5031768 0.04939844 -0.8627706 12.94198 0.01826433 0.9987498 0.04653207 112.3792 0.8639905 0.007655926 -0.5034499 -29.78348 0 0 0 1
28 1 -0.5031768 0.04939844 -0.8627706 12.40926 0.01826433 0.9987498 0.04653207 112.3792 0.8639905 0.007655926 -0.5034499 -29.78348 0 0 0 1
29 0 -0.5030518 0.04757879 -0.8629456 12.95521 0.01556338 0.9988203 0.04599765 112.4633 0.8641161 0.009708852 -0.5031989 -30.58885 0 0 0 1
29 1 -0.5030518 0.04757879 -0.8629456 12.42249 0.01556338 0.9988203 0.04599765 112.4633 0.8641161 0.009708852 -0.5031989 -30.58885 0 0 0 1
30 0 -0.5023047 0.0452944 -0.8635037 12.96032 0.01445871 0.9989275 0.04398724 112.4884 0.8645699 0.009609854 -0.5024209 -31.71206 0 0 0 1
30 1 -0.5023047 0.0452944 -0.8635037 12.42759 0.01445871 0.9989275 0.04398724 112.4884 0.8645699 0.009609854 -0.5024209 -31.71206 0 0 0 1
31 0 -0.5015669 0.04552356 -0.8639203 13.22293 0.01535895 0.9989257 0.0437206 112.4531 0.8649826 0.008659892 -0.5017272 -32.826 0 0 0 1
31 1 -0.5015669 0.04552356 -0.8639203 12.69021 0.01535895 0.9989257 0.0437206 112.4531 0.8649826 0.008659892 -0.5017272 -32.826 0 0 0 1
32 0 -0.5005649 0.04561049 -0.8644967 13.4773 0.01542207 0.9989225 0.04377299 112.4477 0.8655617 0.008578895 -0.500729 -33.94955 0 0 0 1
32 1 -0.5005649 0.04561049 -0.8644967 12.94458 0.01542207 0.9989225 0.04377299 112.4477 0.8655617 0.008578895 -0.500729 -33.94955 0 0 0 1
33 0 -0.4999404 0.04587495 -0.864844 13.71997 0.01498991 0.9989049 0.04432089 112.4648 0.8659301 0.009193871 -0.5000806 -34.92078 0 0 0 1
33 1 -0.4999404 0.04587495 -0.864844 13.18724 0.01498991 0.9989049 0.04432089 112.4648 0.8659301 0.009193871 -0.5000806 -34.92078 0 0 0 1
34 0 -0.49942 0.04590789 -0.8651429 13.94829 0.01491817 0.9989027 0.04439392 112.4661 0.8662316 0.009264866 -0.4995569 -35.94727 0 0 0 1
34 1 -0.49942 0.04590789 -0.8651429 13.41556 0.01491817 0.9989027 0.04439392 112.4661 0.8662316 0.009264866 -0.4995569 -35.94727 0 0 0 1
35 0 -0.4997195 0.04519964 -0.8650073 14.1526 0.01454314 0.9989346 0.04379616 112.4752 0.8660653 0.00930587 -0.4998446 -37.07786 0 0 0 1
35 1 -0.4997195 0.04519964 -0.8650073 13.61987 0.01454314 0.9989346 0.04379616 112.4752 0.8660653 0.00930587 -0.4998446 -37.07786 0 0 0 1
36 0 -0.5008425 0.04427915 -0.8644052 14.34676 0.01322912 0.9989656 0.04350696 112.5244 0.8654374 0.01035481 -0.5009102 -37.98049 0 0 0 1
36 1 -0.5008425 0.04427915 -0.8644052 13.81403 0.01322912 0.9989656 0.04350696 112.5244 0.8654374 0.01035481 -0.5009102 -37.98048 0 0 0 1
37 0 -0.5024588 0.04377093 -0.8634924 14.61144 0.01174441 0.9989711 0.04380444 112.5871 0.8645213 0.01186872 -0.5024558 -38.82718 0 0 0 1
37 1 -0.5024588 0.04377093 -0.8634924 14.07871 0.01174441 0.9989711 0.04380444 112.5871 0.8645213 0.01186872 -0.5024558 -38.82718 0 0 0 1
38 0 -0.5045431 0.04288583 -0.8623207 14.88176 0.01141906 0.9990097 0.0430025 112.5966 0.863311 0.01184972 -0.5045332 -39.94354 0 0 0 1
38 1 -0.5045431 0.04288583 -0.8623207 14.34903 0.01141906 0.9990097 0.0430025 112.5966 0.863311 0.01184972 -0.5045332 -39.94355 0 0 0 1
39 0 -0.5067019 0.04345677 -0.8610255 15.29955 0.01270283 0.9989967 0.04294487 112.5424 0.8620278 0.01082279 -0.5067456 -41.05974 0 0 0 1
39 1 -0.5067019 0.04345677 -0.8610255 14.76682 0.01270283 0.9989967 0.04294487 112.5424 0.8620278 0.01082279 -0.5067456 -41.05974 0 0 0 1
40 0 -0.5086609 0.04538907 -0.8597697 15.87009 0.01436402 0.9989178 0.04423688 112.4792 0.8608471 0.01015183 -0.5087625 -42.14434 0 0 0 1
40 1 -0.5086609 0.04538907 -0.8597697 15.33737 0.01436402 0.9989178 0.04423688 112.4792 0.8608471 0.01015183 -0.5087625 -42.14434 0 0 0 1
41 0 -0.5109969 0.04633968 -0.8583326 16.38287 0.01436815 0.9988668 0.04537296 112.487 0.8594625 0.01085279 -0.5110837 -43.18644 0 0 0 1
41 1 -0.5109969 0.04633968 -0.8583326 15.85014 0.01436815 0.9988668 0.04537296 112.487 0.8594625 0.01085279 -0.5110837 -43.18644 0 0 0 1
42 0 -0.5131062 0.04781533 -0.8569922 16.88836 0.01427234 0.9987844 0.04718126 112.5072 0.8582065 0.01197771 -0.5131649 -44.08151 0 0 0 1
42 1 -0.5131062 0.04781533 -0.8569922 16.35563 0.01427234 0.9987844 0.04718126 112.5072 0.8582065 0.01197771 -0.5131649 -44.08151 0 0 0 1
43 0 -0.5150762 0.048897 -0.8557487 17.35195 0.0149464 0.9987321 0.04807073 112.4841 0.8570142 0.01196972 -0.5151539 -45.11159 0 0 0 1
43 1 -0.5150762 0.048897 -0.8557487 16.81923 0.0149464 0.9987321 0.04807073 112.4841 0.8570142 0.01196972 -0.5151539 -45.11159 0 0 0 1
44 0 -0.5171123 0.04886167 -0.8545219 17.72088 0.01603125 0.998747 0.04740721 112.4267 0.8557675 0.01081579 -0.5172476 -46.38499 0 0 0 1
44 1 -0.5171123 0.04886167 -0.8545219 17.18816 0.01603125 0.998747 0.04740721 112.4267 0.8557675 0.01081579 -0.5172476 -46.38499 0 0 0 1
45 0 -0.5186899 0.05137765 -0.8534173 18.33949 0.017879 0.9986263 0.04925306 112.3507 0.8547755 0.01028882 -0.518896 -47.49097 0 0 0 1
45 1 -0.5186899 0.05137765 -0.8534173 17.80676 0.017879 0.9986263 0.04925306 112.3507 0.8547755 0.01028882 -0.518896 -47.49098 0 0 0 1
46 0 -0.5198449 0.05159622 -0.8527011 18.67572 0.01786982 0.9986127 0.04953097 112.3523 0.8540738 0.01051081 -0.5200458 -48.5214 0 0 0 1
46 1 -0.5198449 0.05159622 -0.8527011 18.143 0.01786982 0.9986127 0.04953097 112.3523 0.8540738 0.01051081 -0.5200458 -48.5214 0 0 0 1
47 0 -0.5213348 0.05584428 -0.8515232 19.51112 0.01938204 0.9983739 0.05360857 112.3104 0.8531323 0.01144375 -0.5215694 -49.57681 0 0 0 1
47 1 -0.5213348 0.05584428 -0.8515232 18.97839 0.01938204 0.9983739 0.05360857 112.3104 0.8531323 0.01144375 -0.5215694 -49.57681 0 0 0 1
48 0 -0.5220222 0.05750804 -0.8509909 19.99346 0.02105842 0.9982893 0.05454429 112.2277 0.8526719 0.0105528 -0.5223402 -50.74282 0 0 0 1
48 1 -0.5220222 0.05750804 -0.8509909 19.46073 0.02105842 0.9982893 0.05454429 112.2277 0.8526719 0.0105528 -0.5223402 -50.74282 0 0 0 1
49 0 -0.5223285 0.05832491 -0.8507475 20.36131 0.02559322 0.998281 0.05272608 111.9568 0.8523602 0.005766967 -0.5229234 -52.35057 0 0 0 1
49 1 -0.5223285 0.05832491 -0.8507475 19.82859 0.02559322 0.998281 0.05272608 111.9568 0.8523602 0.005766967 -0.5229234 -52.35057 0 0 0 1
50 0 -0.5228592 0.05911634 -0.8503668 20.77631 0.02889677 0.9982482 0.0516293 111.7481 0.8519293 0.002421996 -0.5236515 -53.89445 0 0 0 1
50 1 -0.5228592 0.05911634 -0.8503668 20.24359 0.02889677 0.9982482 0.0516293 111.7481 0.8519293 0.002421996 -0.5236515 -53.89444 0 0 0 1
51 0 -0.5238644 0.05669304 -0.8499131 20.83281 0.02599108 0.9983819 0.05057636 111.8911 0.8514053 0.004404988 -0.5244902 -54.73081 0 0 0 1
51 1 -0.5238644 0.05669304 -0.8499131 20.30009 0.02599108 0.9983819 0.05057636 111.8911 0.8514053 0.004404988 -0.5244902 -54.73081 0 0 0 1
52 0 -0.5248119 0.05522017 -0.8494253 20.99902 0.02230119 0.998443 0.05112901 112.1021 0.8509261 0.007889915 -0.5252262 -55.39797 0 0 0 1
52 1 -0.5248119 0.05522017 -0.8494253 20.46629 0.02230119 0.998443 0.05112901 112.1021 0.8509261 0.007889915 -0.5252262 -55.39797 0 0 0 1
53 0 -0.5248742 0.05568621 -0.8493565 21.37315 0.02211338 0.998413 0.05179345 112.1126 0.8508927 0.008402901 -0.5252727 -56.51099 0 0 0 1
53 1 -0.5248742 0.05568621 -0.8493565 20.84043 0.02211338 0.998413 0.05179345 112.1126 0.8508927 0.008402901 -0.5252727 -56.51099 0 0 0 1
54 0 -0.5246222 0.05690052 -0.8494316 21.78127 0.02323984 0.9983492 0.05252272 112.0461 0.8510181 0.007813923 -0.5250785 -57.64971 0 0 0 1
54 1 -0.5246222 0.05690052 -0.8494316 21.24854 0.02323984 0.9983492 0.05252272 112.0461 0.8510181 0.007813923 -0.5250785 -57.64971 0 0 0 1
55 0 -0.5239296 0.059027 -0.849714 22.299 0.02456785 0.9982281 0.0541954 111.9747 0.8514073 0.007518928 -0.5244515 -58.86143 0 0 0 1
55 1 -0.5239296 0.059027 -0.849714 21.76627 0.02456785 0.9982281 0.0541954 111.9747 0.8514073 0.007518928 -0.5244515 -58.86143 0 0 0 1
56 0 -0.5229404 0.05988229 -0.8502635 22.61041 0.0246435 0.9981743 0.05514279 111.9727 0.8520132 0.007882921 -0.5234615 -59.90575 0 0 0 1
56 1 -0.5229404 0.05988229 -0.8502635 22.07768 0.0246435 0.9981743 0.05514279 111.9727 0.8520132 0.007882921 -0.5234615 -59.90575 0 0 0 1
57 0 -0.5215802 0.06104574 -0.8510156 22.92724 0.0245158 0.9980975 0.05657082 111.9899 0.85285 0.008642893 -0.5220846 -60.91526 0 0 0 1
57 1 -0.5215802 0.06104574 -0.8510156 22.39452 0.0245158 0.9980975 0.05657082 111.9899 0.85285 0.008642893 -0.5220846 -60.91526 0 0 0 1
58 0 -0.520111 0.05940312 -0.8520306 22.91714 0.0241489 0.9982024 0.05485277 111.9838 0.8537574 0.007953918 -0.5206106 -62.09124 0 0 0 1
58 1 -0.520111 0.05940312 -0.8520306 22.38442 0.0241489 0.9982024 0.05485277 111.9838 0.8537574 0.007953918 -0.5206106 -62.09124 0 0 0 1
59 0 -0.5185846 0.05857592 -0.8530175 23.00895 0.02425579 0.9982569 0.05380328 111.9545 0.8546821 0.007210938 -0.5191015 -63.38594 0 0 0 1
59 1 -0.5185846 0.05857592 -0.8530175 22.47622 0.02425579 0.9982569 0.05380328 111.9545 0.8546821 0.007210938 -0.5191015 -63.38594 0 0 0 1
60 0 -0.5174828 0.05629508 -0.8538399 22.94145 0.02169926 0.998376 0.05267341 112.102 0.8554185 0.008729886 -0.5178639 -64.3131 0 0 0 1
60 1 -0.5174828 0.05629508 -0.8538399 22.40873 0.02169926 0.998376 0.05267341 112.102 0.8554185 0.008729886 -0.5178639 -64.3131 0 0 0 1
61 0 -0.5162731 0.05367318 -0.8547406 22.82519 0.01865876 0.9985023 0.05143055 112.2845 0.8562208 0.0106038 -0.5165013 -65.201 0 0 0 1
61 1 -0.5162731 0.05367318 -0.8547406 22.29246 0.01865876 0.9985023 0.05143055 112.2844 0.8562208 0.0106038 -0.5165013 -65.201 0 0 0 1
62 0 -0.5146526 0.05074851 -0.8558957 22.68152 0.01733929 0.9986587 0.04878718 112.332 0.8572236 0.01026782 -0.5148422 -66.45552 0 0 0 1
62 1 -0.5146526 0.05074851 -0.8558957 22.14879 0.01733929 0.9986587 0.04878718 112.332 0.8572236 0.01026782 -0.5148422 -66.45552 0 0 0 1
63 0 -0.512984 0.04806288 -0.8570517 22.52263 0.01768556 0.9988111 0.04542705 112.2533 0.8582161 0.008145912 -0.5132242 -67.80781 0 0 0 1
63 1 -0.512984 0.04806288 -0.8570517 21.9899 0.01768556 0.9988111 0.04542705 112.2533 0.8582161 0.008145912 -0.5132242 -67.80781 0 0 0 1
64 0 -0.5114409 0.04634637 -0.8580678 22.48105 0.01802118 0.9989034 0.04321194 112.1897 0.8591296 0.006636951 -0.5117152 -69.08956 0 0 0 1
64 1 -0.5114409 0.04634637 -0.8580678 21.94832 0.01802118 0.9989034 0.04321194 112.1897 0.8591296 0.006636951 -0.5117152 -69.08955 0 0 0 1
65 0 -0.5098164 0.0444275 -0.8591356 22.43771 0.01727354 0.9989929 0.04140957 112.2074 0.8601101 0.006270958 -0.5100703 -70.35657 0 0 0 1
65 1 -0.5098164 0.0444275 -0.8591356 21.90498 0.01727354 0.9989929 0.04140957 112.2074 0.8601101 0.006270958 -0.5100703 -70.35657 0 0 0 1
66 0 -0.508176 0.04273745 -0.8601922 22.38939 0.01746168 0.999074 0.03932177 112.1524 0.8610762 0.004961981 -0.5084517 -71.62198 0 0 0 1
66 1 -0.508176 0.04273745 -0.8601922 21.85667 0.01746168 0.999074 0.03932177 112.1524 0.8610762 0.004961981 -0.5084517 -71.62198 0 0 0 1
67 0 -0.5068662 0.04255079 -0.860974 22.53917 0.01803157 0.9990858 0.03876111 112.0936 0.8618362 0.004121987 -0.5071701 -72.828 0 0 0 1
67 1 -0.5068662 0.04255079 -0.860974 22.00645 0.01803157 0.9990858 0.03876111 112.0936 0.8618362 0.004121987 -0.5071701 -72.828 0 0 0 1
68 0 -0.5054705 0.04214893 -0.8618138 22.68534 0.01677387 0.9990975 0.03902489 112.1846 0.8626809 0.005269974 -0.5057212 -73.9159 0 0 0 1
68 1 -0.5054705 0.04214893 -0.8618138 22.15262 0.01677387 0.9990975 0.03902489 112.1846 0.8626809 0.005269974 -0.5057212 -73.91589 0 0 0 1
69 0 -0.5042694 0.04159786 -0.8625439 22.81131 0.01460893 0.9991071 0.03964306 112.354 0.8634229 0.007389935 -0.5044267 -74.78101 0 0 0 1
69 1 -0.5042694 0.04159786 -0.8625439 22.27858 0.01460893 0.9991071 0.03964306 112.354 0.8634229 0.007389935 -0.5044267 -74.78101 0 0 0 1
70 0 -0.5029994 0.04161951 -0.8632842 22.99141 0.01367927 0.9990981 0.04019686 112.4317 0.8641787 0.008409901 -0.5031152 -75.77229 0 0 0 1
70 1 -0.5029994 0.04161951 -0.8632842 22.45868 0.01367927 0.9990981 0.04019686 112.4317 0.8641787 0.008409901 -0.5031152 -75.77229 0 0 0 1
71 0 -0.5015078 0.04114783 -0.8641741 23.12649 0.013152 0.9991155 0.03994057 112.4647 0.8650532 0.008664891 -0.5016053 -76.96224 0 0 0 1
71 1 -0.5015078 0.04114783 -0.8641741 22.59376 0.013152 0.9991155 0.03994057 112.4647 0.8650532 0.008664891 -0.5016053 -76.96224 0 0 0 1
72 0 -0.5003712 0.04139372 -0.8648208 23.33906 0.01346798 0.9991078 0.04002886 112.4389 0.8657062 0.008381901 -0.5004822 -78.10197 0 0 0 1
72 1 -0.5003712 0.04139372 -0.8648208 22.80634 0.01346798 0.9991078 0.04002886 112.4389 0.8657062 0.008381901 -0.5004822 -78.10196 0 0 0 1
73 0 -0.4988716 0.04136332 -0.8656884 23.5203 0.01239377 0.9990988 0.04059561 112.5327 0.8665873 0.009522857 -0.4989346 -79.19887 0 0 0 1
73 1 -0.4988716 0.04136332 -0.8656884 22.98758 0.01239377 0.9990988 0.04059561 112.5327 0.8665873 0.009522857 -0.4989346 -79.19886 0 0 0 1
74 0 -0.4975674 0.04227048 -0.8663949 23.78821 0.01085077 0.9990371 0.0425104 112.6938 0.8673577 0.01175073 -0.497547 -80.06577 0 0 0 1
74 1 -0.4975674 0.04227048 -0.8663949 23.25549 0.01085077 0.9990371 0.0425104 112.6938 0.8673577 0.01175073 -0.497547 -80.06576 0 0 0 1
75 0 -0.4960321 0.04425468 -0.8671757 24.14907 0.0104912 0.9989329 0.0449776 112.7722 0.8682408 0.01321262 -0.4959671 -81.02559 0 0 0 1
75 1 -0.4960321 0.04425468 -0.8671757 23.61634 0.0104912 0.9989329 0.0449776 112.7722 0.8682408 0.01321262 -0.4959671 -81.02559 0 0 0 1
76 0 -0.4941932 0.04557297 -0.8681567 24.42491 0.01066854 0.9988678 0.0463615 112.7868 0.8692866 0.01364957 -0.4941198 -82.21819 0 0 0 1
76 1 -0.4941932 0.04557297 -0.8681567 23.89218 0.01066854 0.9988678 0.0463615 112.7868 0.8692866 0.01364957 -0.4941198 -82.21819 0 0 0 1
77 0 -0.492533 0.04630363 -0.8690613 24.62302 0.01166018 0.9988451 0.04661022 112.7101 0.8702158 0.01282365 -0.4925041 -83.4419 0 0 0 1
77 1 -0.492533 0.04630363 -0.8690613 24.0903 0.01166018 0.9988451 0.04661022 112.7101 0.8702158 0.01282365 -0.4925041 -83.44189 0 0 0 1
78 0 -0.490971 0.04560427 -0.8699815 24.66296 0.01256119 0.9988956 0.04527306 112.6072 0.8710854 0.01129976 -0.4910016 -84.74555 0 0 0 1
78 1 -0.490971 0.04560427 -0.8699815 24.13024 0.01256119 0.9988956 0.04527306 112.6072 0.8710854 0.01129976 -0.4910016 -84.74556 0 0 0 1
79 0 -0.4893259 0.0455167 -0.8709124 24.78887 0.01302885 0.9989071 0.0448858 112.5585 0.8720036 0.0106168 -0.4893842 -86.07212 0 0 0 1
79 1 -0.4893259 0.0455167 -0.8709124 24.25615 0.01302885 0.9989071 0.0448858 112.5585 0.8720036 0.0106168 -0.4893842 -86.07212 0 0 0 1
80 0 -0.4882404 0.04450953 -0.8715736 24.83413 0.01202577 0.9989469 0.04427762 112.6338 0.8726264 0.01113677 -0.4882615 -87.14484 0 0 0 1
80 1 -0.4882404 0.04450953 -0.8715736 24.3014 0.01202577 0.9989469 0.04427762 112.6338 0.8726264 0.01113677 -0.4882615 -87.14484 0 0 0 1
81 0 -0.4876884 0.04361572 -0.8719273 24.94779 0.01205455 0.9989924 0.04322941 112.6091 0.8729343 0.0105718 -0.4877228 -88.3259 0 0 0 1
81 1 -0.4876884 0.04361572 -0.8719273 24.41507 0.01205455 0.9989924 0.04322941 112.6091 0.8729343 0.0105718 -0.4877228 -88.3259 0 0 0 1
82 0 -0.4874555 0.04445804 -0.8720155 25.316 0.01278659 0.9989592 0.04378234 112.5547 0.8730544 0.01019183 -0.4875166 -89.58903 0 0 0 1
82 1 -0.4874555 0.04445804 -0.8720155 24.78327 0.01278659 0.9989592 0.04378234 112.5547 0.8730544 0.01019183 -0.4875166 -89.58903 0 0 0 1
83 0 -0.4873054 0.04612778 -0.8720126 25.76421 0.0127941 0.9988738 0.04568879 112.5946 0.8731381 0.01110777 -0.4873468 -90.58522 0 0 0 1
83 1 -0.4873054 0.04612778 -0.8720126 25.23149 0.0127941 0.9988738 0.04568879 112.5946 0.8731381 0.01110777 -0.4873468 -90.58523 0 0 0 1
84 0 -0.4874511 0.04883219 -0.8717839 26.35938 0.01353877 0.9987376 0.04837329 112.5837 0.8730454 0.01177672 -0.4874969 -91.60088 0 0 0 1
84 1 -0.4874511 0.04883219 -0.8717839 25.82666 0.01353877 0.9987376 0.04837329 112.5837 0.8730454 0.01177672 -0.4874969 -91.60088 0 0 0 1
85 0 -0.487766 0.05116392 -0.8714737 26.95526 0.0144505 0.9986175 0.05054051 112.5451 0.8728548 0.01205871 -0.487831 -92.76257 0 0 0 1
85 1 -0.487766 0.05116392 -0.8714737 26.42253 0.0144505 0.9986175 0.05054051 112.5451 0.8728548 0.01205871 -0.487831 -92.76257 0 0 0 1
86 0 -0.4888614 0.05351852 -0.870718 27.6109 0.01566278 0.998494 0.05257842 112.4738 0.8722206 0.01206571 -0.4889635 -93.82614 0 0 0 1
86 1 -0.4888614 0.05351852 -0.870718 27.07817 0.01566278 0.998494 0.05257842 112.4738 0.8722206 0.01206571 -0.4889635 -93.82614 0 0 0 1
87 0 -0.4904596 0.05494272 -0.8697302 28.21752 0.01570546 0.9984058 0.05421478 112.5045 0.8713223 0.01293064 -0.4905405 -94.77748 0 0 0 1
87 1 -0.4904596 0.05494272 -0.8697302 27.68479 0.01570546 0.9984058 0.05421478 112.5045 0.8713223 0.01293064 -0.4905405 -94.77748 0 0 0 1
88 0 -0.4925212 0.05475879 -0.8685762 28.72252 0.0167383 0.99843 0.05345398 112.3859 0.8701397 0.01178873 -0.4926645 -96.04747 0 0 0 1
88 1 -0.4925212 0.05475879 -0.8685762 28.1898 0.0167383 0.99843 0.05345398 112.3859 0.8701397 0.01178873 -0.4926645 -96.04748 0 0 0 1
89 0 -0.4946496 0.05654988 -0.8672507 29.43363 0.01915375 0.9983478 0.05417356 112.1614 0.8688813 0.01018583 -0.4949155 -97.25312 0 0 0 1
89 1 -0.4946496 0.05654988 -0.8672507 28.90091 0.01915375 0.9983478 0.05417356 112.1614 0.8688813 0.01018583 -0.4949155 -97.25312 0 0 0 1
90 0 -0.4967347 0.05707402 -0.8660238 30.02502 0.02122192 0.9983358 0.05362136 111.9368 0.8676429 0.008256909 -0.4971193 -98.60123 0 0 0 1
90 1 -0.4967347 0.05707402 -0.8660238 29.49229 0.02122192 0.9983358 0.05362136 111.9368 0.8676429 0.008256909 -0.4971193 -98.60123 0 0 0 1
91 0 -0.4989356 0.05635941 -0.8648046 30.464 0.02378643 0.9983978 0.05134248 111.6164 0.8663126 0.005045982 -0.4994768 -99.97742 0 0 0 1
91 1 -0.4989356 0.05635941 -0.8648046 29.93128 0.02378643 0.9983978 0.05134248 111.6164 0.8663126 0.005045982 -0.4994768 -99.97742 0 0 0 1
92 0 -0.5009913 0.05666714 -0.8635952 31.00513 0.02485446 0.9983846 0.05109307 111.491 0.8650954 0.004132988 -0.5015904 -101.1013 0 0 0 1
92 1 -0.5009913 0.05666714 -0.8635952 30.4724 0.02485446 0.9983846 0.05109307 111.491 0.8650954 0.004132988 -0.5015904 -101.1013 0 0 0 1
93 0 -0.5031594 0.05623599 -0.862362 31.50566 0.02240013 0.9983939 0.05203712 111.7575 0.8639032 0.006865948 -0.503611 -101.9214 0 0 0 1
93 1 -0.5031594 0.05623599 -0.862362 30.97294 0.02240013 0.9983939 0.05203712 111.7575 0.8639032 0.006865948 -0.503611 -101.9214 0 0 0 1
94 0 -0.5049785 0.05491886 -0.8613831 31.84102 0.01953548 0.9984453 0.05220497 112.0543 0.8629109 0.009534856 -0.5052663 -102.6466 0 0 0 1
94 1 -0.5049785 0.05491886 -0.8613831 31.3083 0.01953548 0.9984453 0.05220497 112.0543 0.8629109 0.009534856 -0.5052663 -102.6466 0 0 0 1
95 0 -0.5062102 0.05564158 -0.8606135 32.34072 0.01974687 0.9984027 0.05293508 112.0455 0.8621842 0.009801844 -0.5065004 -103.6552 0 0 0 1
95 1 -0.5062102 0.05564158 -0.8606135 31.80799 0.01974687 0.9984027 0.05293508 112.0455 0.8621842 0.009801844 -0.5065004 -103.6553 0 0 0 1
96 0 -0.5068872 0.05628584 -0.8601729 32.80415 0.0206205 0.9983721 0.05317763 111.9526 0.8617657 0.009217868 -0.5072227 -104.8793 0 0 0 1
96 1 -0.5068872 0.05628584 -0.8601729 32.27142 0.0206205 0.9983721 0.05317763 111.9526 0.8617657 0.009217868 -0.5072227 -104.8793 0 0 0 1
97 0 -0.5067888 0.057652 -0.8601404 33.22807 0.02204346 0.9983017 0.05392458 111.8116 0.8617885 0.008367902 -0.507199 -106.0488 0 0 0 1
97 1 -0.5067888 0.057652 -0.8601404 32.69534 0.02204346 0.9983017 0.05392458 111.8116 0.8617885 0.008367902 -0.507199 -106.0488 0 0 0 1
98 0 -0.5062139 0.05727948 -0.8605038 33.40656 0.02155981 0.9983206 0.05377014 111.8526 0.8621385 0.008666892 -0.5065987 -107.1058 0 0 0 1
98 1 -0.5062139 0.05727948 -0.8605038 32.87383 0.02155981 0.9983206 0.05377014 111.8526 0.8621385 0.008666892 -0.5065987 -107.1058 0 0 0 1
99 0 -0.5055734 0.05713153 -0.86089 33.62292 0.02110687 0.9983256 0.05385682 111.8971 0.8625254 0.009057879 -0.5059327 -108.2661 0 0 0 1
99 1 -0.5055734 0.05713153 -0.86089 33.09019 0.02110687 0.9983256 0.05385682 111.8971 0.8625254 0.009057879 -0.5059327 -108.2661 0 0 0 1
100 0 -0.5049818 0.05494903 -0.8613793 33.59305 0.01992258 0.9984477 0.05201332 111.9736 0.8629002 0.009104876 -0.5052927 -109.3589 0 0 0 1
100 1 -0.5049818 0.05494903 -0.8613793 33.06032 0.01992258 0.9984477 0.05201332 111.9736 0.8629002 0.009104876 -0.5052927 -109.3589 0 0 0 1
101 0 -0.5046339 0.05413839 -0.8616344 33.74464 0.01969923 0.9984941 0.05120033 111.971 0.8631088 0.008863883 -0.5049405 -110.4763 0 0 0 1
101 1 -0.5046339 0.05413839 -0.8616344 33.21192 0.01969923 0.9984941 0.05120033 111.971 0.8631088 0.008863883 -0.5049405 -110.4763 0 0 0 1
102 0 -0.5040606 0.05045967 -0.862193 33.57154 0.01797807 0.9986885 0.04793759 112.0707 0.8634812 0.008662889 -0.5043068 -111.7063 0 0 0 1
102 1 -0.5040606 0.05045967 -0.862193 33.03882 0.01797807 0.9986885 0.04793759 112.0707 0.8634812 0.008662889 -0.5043068 -111.7063 0 0 0 1
103 0 -0.5035533 0.04882387 -0.8625837 33.60476 0.0173674 0.9987723 0.04639378 112.0926 0.8637897 0.008380901 -0.503783 -112.8331 0 0 0 1
103 1 -0.5035533 0.04882387 -0.8625837 33.07204 0.0173674 0.9987723 0.04639378 112.0926 0.8637897 0.008380901 -0.503783 -112.8331 0 0 0 1
104 0 -0.5030698 0.04706586 -0.8629633 33.62349 0.01627012 0.9988548 0.04499259 112.1748 0.8640926 0.008593895 -0.5032594 -113.9059 0 0 0 1
104 1 -0.5030698 0.04706586 -0.8629633 33.09076 0.01627012 0.9988548 0.04499259 112.1748 0.8640926 0.008593895 -0.5032594 -113.9059 0 0 0 1
105 0 -0.5026668 0.04441249 -0.8633388 33.58131 0.01434854 0.9989705 0.04303552 112.3377 0.8643613 0.00924487 -0.5027865 -115.0329 0 0 0 1
105 1 -0.5026668 0.04441249 -0.8633388 33.04858 0.01434854 0.9989705 0.04303552 112.3377 0.8643613 0.00924487 -0.5027865 -115.0329 0 0 0 1
106 0 -0.5025479 0.04203859 -0.8635268 33.57991 0.01266407 0.9990679 0.04126694 112.4807 0.8644568 0.009802843 -0.5026119 -116.0414 0 0 0 1
106 1 -0.5025479 0.04203859 -0.8635268 33.04719 0.01266407 0.9990679 0.04126694 112.4807 0.8644568 0.009802843 -0.5026119 -116.0414 0 0 0 1
107 0 -0.5025448 0.04047119 -0.8636035 33.6872 0.01229682 0.9991373 0.03966701 112.475 0.8644638 0.009314868 -0.5026088 -117.1583 0 0 0 1
107 1 -0.5025448 0.04047119 -0.8636035 33.15447 0.01229682 0.9991373 0.03966701 112.475 0.8644638 0.009314868 -0.5026088 -117.1583 0 0 0 1
108 0 -0.5026236 0.0370012 -0.8637133 33.61266 0.01122706 0.9992788 0.03627539 112.4982 0.8644326 0.008535897 -0.5026765 -118.4114 0 0 0 1
108 1 -0.5026236 0.0370012 -0.8637133 33.07994 0.01122706 0.9992788 0.03627539 112.4982 0.8644326 0.008535897 -0.5026765 -118.4114 0 0 0 1
109 0 -0.5025512 0.03516474 -0.8638323 33.67747 0.01113266 0.9993528 0.03420486 112.4441 0.864476 0.00757293 -0.5026174 -119.5822 0 0 0 1
109 1 -0.5025512 0.03516474 -0.8638323 33.14474 0.01113266 0.9993528 0.03420486 112.4441 0.864476 0.00757293 -0.5026174 -119.5822 0 0 0 1
110 0 -0.5025463 0.0346673 -0.8638549 33.90504 0.01174365 0.9993773 0.03327408 112.3387 0.8644705 0.006576953 -0.5026405 -120.7501 0 0 0 1
110 1 -0.5025463 0.0346673 -0.8638549 33.37232 0.01174365 0.9993773 0.03327408 112.3387 0.8644705 0.006576953 -0.5026405 -120.7501 0 0 0 1
111 0 -0.5025913 0.03338382 -0.8638794 34.0841 0.01014361 0.9994131 0.03272 112.5137 0.8644648 0.007681924 -0.5026349 -121.7809 0 0 0 1
111 1 -0.5025913 0.03338382 -0.8638794 33.55138 0.01014361 0.9994131 0.03272 112.5137 0.8644648 0.007681924 -0.5026349 -121.7809 0 0 0 1
112 0 -0.5025452 0.03252791 -0.863939 34.26403 0.008467357 0.9994292 0.03270384 112.7185 0.8645096 0.009119875 -0.5025338 -122.6708 0 0 0 1
112 1 -0.5025452 0.03252791 -0.863939 33.73131 0.008467357 0.9994292 0.03270384 112.7186 0.8645096 0.009119875 -0.5025338 -122.6708 0 0 0 1
113 0 -0.5028549 0.03164406 -0.8637914 34.48906 0.007097575 0.9994471 0.03248183 112.8819 0.8643417 0.01020282 -0.5028015 -123.5845 0 0 0 1
113 1 -0.5028549 0.03164406 -0.8637914 33.95634 0.007097575 0.9994471 0.03248183 112.8819 0.8643417 0.01020282 -0.5028015 -123.5845 0 0 0 1
114 0 -0.5032698 0.02950353 -0.8636255 34.62992 0.007115437 0.9995246 0.02999972 112.7996 0.8641001 0.00895288 -0.5032405 -124.8364 0 0 0 1
114 1 -0.5032698 0.02950353 -0.8636255 34.09719 0.007115437 0.9995246 0.02999972 112.7996 0.8641001 0.00895288 -0.5032405 -124.8364 0 0 0 1
115 0 -0.503647 0.02787142 -0.8634601 34.78675 0.006839869 0.9995767 0.02827548 112.7777 0.8638827 0.008334904 -0.5036244 -125.9186 0 0 0 1
115 1 -0.503647 0.02787142 -0.8634601 34.25402 0.006839869 0.9995767 0.02827548 112.7777 0.8638827 0.008334904 -0.5036244 -125.9186 0 0 0 1
116 0 -0.5041589 0.02737843 -0.8631768 35.12167 0.00590034 0.9995832 0.02825877 112.8974 0.8635907 0.009153872 -0.5041102 -126.9314 0 0 0 1
116 1 -0.5041589 0.02737843 -0.8631768 34.58895 0.00590034 0.9995832 0.02825877 112.8974 0.8635907 0.009153872 -0.5041102 -126.9314 0 0 0 1
117 0 -0.504649 0.02708418 -0.8628998 35.43926 0.004568197 0.9995776 0.02870253 113.085 0.8633126 0.01054281 -0.5045596 -127.7743 0 0 0 1
117 1 -0.504649 0.02708418 -0.8628998 34.90654 0.004568197 0.9995776 0.02870253 113.085 0.8633126 0.01054281 -0.5045596 -127.7743 0 0 0 1
118 0 -0.5050883 0.02821697 -0.8626063 35.92368 0.003267149 0.9995208 0.03078258 113.3267 0.8630615 0.01272966 -0.5049384 -128.5212 0 0 0 1
118 1 -0.5050883 0.02821697 -0.8626063 35.39095 0.003267149 0.9995208 0.03078258 113.3267 0.8630615 0.01272966 -0.5049384 -128.5212 0 0 0 1
119 0 -0.5053074 0.03108542 -0.8623793 36.58661 0.002631122 0.9994018 0.03448286 113.5411 0.8629354 0.01515542 -0.5050869 -129.3583 0 0 0 1
119 1 -0.5053074 0.03108542 -0.8623793 36.05387 0.002631122 0.9994018 0.03448286 113.5411 0.8629354 0.01515542 -0.5050869 -129.3583 0 0 0 1
120 0 -0.5054992 0.03206905 -0.8622308 37.02974 0.003552524 0.999378 0.03508724 113.4467 0.8628197 0.01467348 -0.5052987 -130.4143 0 0 0 1
120 1 -0.5054992 0.03206905 -0.8622308 36.49702 0.003552524 0.999378 0.03508724 113.4467 0.8628197 0.01467348 -0.5052987 -130.4143 0 0 0 1
121 0 -0.5054799 0.03360594 -0.8621839 37.48917 0.005982592 0.9993537 0.03544504 113.1428 0.8628178 0.01275866 -0.5053543 -131.639 0 0 0 1
121 1 -0.5054799 0.03360594 -0.8621839 36.95643 0.005982592 0.9993537 0.03544504 113.1428 0.8628178 0.01275866 -0.5053543 -131.639 0 0 0 1
122 0 -0.5056618 0.03532301 -0.8620083 38.03082 0.007323817 0.9993013 0.03665273 113.0085 0.8627006 0.01222069 -0.5055672 -132.7972 0 0 0 1
122 1 -0.5056618 0.03532301 -0.8620083 37.4981 0.007323817 0.9993013 0.03665273 113.0085 0.8627006 0.01222069 -0.5055672 -132.7972 0 0 0 1
123 0 -0.5061747 0.03699028 -0.8616375 38.58251 0.005608642 0.9991998 0.03960102 113.3435 0.862413 0.01521241 -0.5059772 -133.4452 0 0 0 1
123 1 -0.5061747 0.03699028 -0.8616375 38.04978 0.005608642 0.9991998 0.03960102 113.3435 0.862413 0.01521241 -0.5059772 -133.4452 0 0 0 1
124 0 -0.5064201 0.03577792 -0.8615443 38.76034 0.003083682 0.9992076 0.03968215 113.6934 0.8622813 0.01743911 -0.5061291 -134.1857 0 0 0 1
124 1 -0.5064201 0.03577792 -0.8615443 38.22762 0.003083682 0.9992076 0.03968215 113.6934 0.8622813 0.01743911 -0.5061291 -134.1857 0 0 0 1
125 0 -0.5061687 0.03866234 -0.8615677 39.35222 0.005680006 0.9991224 0.04149805 113.4103 0.862416 0.0161113 -0.5059441 -135.4464 0 0 0 1
125 1 -0.5061687 0.03866234 -0.8615677 38.8195 0.005680006 0.9991224 0.04149805 113.4103 0.862416 0.0161113 -0.5059441 -135.4464 0 0 0 1
126 0 -0.5058433 0.03931112 -0.8617294 39.64534 0.006480733 0.999106 0.04177384 113.3153 0.8626013 0.01554637 -0.5056459 -136.529 0 0 0 1
126 1 -0.5058433 0.03931112 -0.8617294 39.11262 0.006480733 0.999106 0.04177384 113.3153 0.8626013 0.01554637 -0.5056459 -136.529 0 0 0 1
127 0 -0.5060452 0.03963643 -0.8615957 39.9896 0.006111613 0.9990832 0.04237177 113.3924 0.8624852 0.01617629 -0.5058235 -137.4523 0 0 0 1
127 1 -0.5060452 0.03963643 -0.8615957 39.45689 0.006111613 0.9990832 0.04237177 113.3924 0.8624852 0.01617629 -0.5058235 -137.4523 0 0 0 1
128 0 -0.5063182 0.04047461 -0.8613966 40.42302 0.00525466 0.9990242 0.04385273 113.5706 0.862331 0.01767708 -0.5060369 -138.3649 0 0 0 1
128 1 -0.5063182 0.04047461 -0.8613966 39.8903 0.00525466 0.9990242 0.04385273 113.5706 0.862331 0.01767708 -0.5060369 -138.3649 0 0 0 1
129 0 -0.5066105 0.04022075 -0.8612364 40.71229 0.003853364 0.9990069 0.04438811 113.7935 0.8621665 0.01916882 -0.5062624 -139.1817 0 0 0 1
129 1 -0.5066105 0.04022075 -0.8612364 40.17957 0.003853364 0.9990069 0.04438811 113.7935 0.8621665 0.01916882 -0.5062624 -139.1817 0 0 0 1
130 0 -0.5069213 0.04129155 -0.8610028 41.15299 0.004287876 0.9989604 0.04538313 113.7757 0.8619816 0.0193138 -0.5065714 -140.1417 0 0 0 1
130 1 -0.5069213 0.04129155 -0.8610028 40.62026 0.004287876 0.9989604 0.04538313 113.7757 0.8619816 0.0193138 -0.5065714 -140.1417 0 0 0 1
131 0 -0.5072682 0.04392254 -0.8606684 41.80305 0.006543497 0.9988679 0.04711862 113.5244 0.8617635 0.01826999 -0.5069813 -141.3215 0 0 0 1
131 1 -0.5072682 0.04392254 -0.8606684 41.27032 0.006543497 0.9988679 0.04711862 113.5244 0.8617635 0.01826999 -0.5069813 -141.3215 0 0 0 1
132 0 -0.5076414 0.04680122 -0.8602966 42.44659 0.01036032 0.9987829 0.04822168 113.0204 0.8615063 0.01556637 -0.5075085 -142.579 0 0 0 1
132 1 -0.5076414 0.04680122 -0.8602966 41.91387 0.01036032 0.9987829 0.04822168 113.0204 0.8615063 0.01556637 -0.5075085 -142.579 0 0 0 1
133 0 -0.5079529 0.04847349 -0.8600199 42.93719 0.01428101 0.9987521 0.0478581 112.4401 0.8612664 0.01202771 -0.5080112 -143.927 0 0 0 1
133 1 -0.5079529 0.04847349 -0.8600199 42.40447 0.01428101 0.9987521 0.0478581 112.4401 0.8612664 0.01202771 -0.5080112 -143.927 0 0 0 1
134 0 -0.5082891 0.05196266 -0.8596176 43.66097 0.01902036 0.9986119 0.04911799 111.7888 0.8609766 0.008615896 -0.5085719 -145.3495 0 0 0 1
134 1 -0.5082891 0.05196266 -0.8596176 43.12823 0.01902036 0.9986119 0.04911799 111.7888 0.8609766 0.008615896 -0.5085719 -145.3495 0 0 0 1
135 0 -0.5084734 0.05211926 -0.8594991 43.95333 0.02089518 0.9986194 0.04819396 111.4723 0.8608243 0.006545953 -0.5088605 -146.5309 0 0 0 1
135 1 -0.5084734 0.05211926 -0.8594991 43.42061 0.02089518 0.9986194 0.04819396 111.4723 0.8608243 0.006545953 -0.5088605 -146.5309 0 0 0 1
136 0 -0.5093542 0.05195163 -0.8589874 44.35504 0.02122156 0.9986308 0.04781351 111.4022 0.8602952 0.006124962 -0.5097593 -147.5883 0 0 0 1
136 1 -0.5093542 0.05195163 -0.8589874 43.82232 0.02122156 0.9986308 0.04781351 111.4022 0.8602952 0.006124962 -0.5097593 -147.5883 0 0 0 1
137 0 -0.5099763 0.05018926 -0.8587232 44.50986 0.01865019 0.9987068 0.04729488 111.7623 0.8599864 0.008103913 -0.5102528 -148.2887 0 0 0 1
137 1 -0.5099763 0.05018926 -0.8587232 43.97713 0.01865019 0.9987068 0.04729488 111.7623 0.8599864 0.008103913 -0.5102528 -148.2887 0 0 0 1
138 0 -0.5112169 0.04871856 -0.85807 44.80501 0.01516309 0.9987479 0.04767204 112.2983 0.8593181 0.01135975 -0.5113155 -148.8158 0 0 0 1
138 1 -0.5112169 0.04871856 -0.85807 44.27228 0.01516309 0.9987479 0.04767204 112.2983 0.8593181 0.01135975 -0.5113155 -148.8158 0 0 0 1
139 0 -0.5125555 0.04500243 -0.8574741 44.88627 0.01258255 0.998912 0.04490424 112.5827 0.858562 0.0122267 -0.5125641 -149.6881 0 0 0 1
139 1 -0.5125555 0.04500243 -0.8574741 44.35355 0.01258255 0.998912 0.04490424 112.5827 0.858562 0.0122267 -0.5125641 -149.6881 0 0 0 1
140 0 -0.5142304 0.04331868 -0.8565574 45.23368 0.01260678 0.9989975 0.04295388 112.5041 0.8575595 0.01128976 -0.514261 -150.6457 0 0 0 1
140 1 -0.5142304 0.04331868 -0.8565574 44.70096 0.01260678 0.9989975 0.04295388 112.5041 0.8575595 0.01128976 -0.514261 -150.6457 0 0 0 1
141 0 -0.5157379 0.04176012 -0.8557283 45.56547 0.01374084 0.9990861 0.04047464 112.233 0.8566364 0.009115875 -0.5158404 -151.7379 0 0 0 1
141 1 -0.5157379 0.04176012 -0.8557283 45.03275 0.01374084 0.9990861 0.04047464 112.233 0.8566364 0.009115875 -0.5158404 -151.7379 0 0 0 1
142 0 -0.5176401 0.04094937 -0.854618 46.0764 0.01470827 0.9991323 0.03896507 112.0218 0.855472 0.007599926 -0.5177933 -152.8172 0 0 0 1
142 1 -0.5176401 0.04094937 -0.854618 45.54367 0.01470827 0.9991323 0.03896507 112.0218 0.855472 0.007599926 -0.5177933 -152.8172 0 0 0 1
143 0 -0.5192207 0.04016121 -0.8536962 46.50734 0.0148637 0.9991685 0.03796465 111.9547 0.8545111 0.007022941 -0.5193859 -153.7023 0 0 0 1
143 1 -0.5192207 0.04016121 -0.8536962 45.97462 0.0148637 0.9991685 0.03796465 111.9547 0.8545111 0.007022941 -0.5193859 -153.7023 0 0 0 1
144 0 -0.520798 0.03982014 -0.852751 46.98809 0.01377946 0.9991735 0.03824202 112.1323 0.853569 0.008165911 -0.5209162 -154.3832 0 0 0 1
