frame cameraID r1,1 r1,2 r1,3 t1 r2,1 r2,2 r2,3 t2 r3,1 r3,2 r3,3 t3 0 0 0 1
0 0 -0.415756 -0.02389242 -0.9091625 -7.290347 -0.005310409 0.9997016 -0.02384333 271.5459 0.9094608 -0.005084978 -0.4157587 -2.162063 0 0 0 1
0 1 -0.415756 -0.02389242 -0.9091625 -7.823072 -0.005310409 0.9997016 -0.02384333 271.5458 0.9094608 -0.005084978 -0.4157587 -2.162063 0 0 0 1
1 0 -0.4158018 -0.02383346 -0.9091429 -7.463294 -0.005521786 0.9997043 -0.02368214 271.5407 0.9094386 -0.004826981 -0.4158105 -2.418664 0 0 0 1
1 1 -0.4158018 -0.02383346 -0.9091429 -7.996019 -0.005521786 0.9997043 -0.02368214 271.5408 0.9094386 -0.004826981 -0.4158105 -2.418664 0 0 0 1
2 0 -0.4156502 -0.0241724 -0.9092033 -7.725106 -0.005940839 0.9996976 -0.02386241 271.5335 0.9095051 -0.004516986 -0.4156681 -2.629678 0 0 0 1
2 1 -0.4156502 -0.0241724 -0.9092033 -8.257832 -0.005940839 0.9996976 -0.02386241 271.5335 0.9095051 -0.004516986 -0.4156681 -2.629678 0 0 0 1
3 0 -0.4157777 -0.02416336 -0.9091454 -7.891321 -0.005639305 0.9996963 -0.02399103 271.5272 0.909449 -0.004847982 -0.4157877 -3.012434 0 0 0 1
3 1 -0.4157777 -0.02416336 -0.9091454 -8.424046 -0.005639305 0.9996963 -0.02399103 271.5272 0.909449 -0.004847982 -0.4157877 -3.012434 0 0 0 1
4 0 -0.4158218 -0.02404539 -0.9091282 -8.044164 -0.005482217 0.9996985 -0.02393338 271.5217 0.9094296 -0.004967982 -0.4158283 -3.364664 0 0 0 1
4 1 -0.4158218 -0.02404539 -0.9091282 -8.576889 -0.005482217 0.9996985 -0.02393338 271.5217 0.9094296 -0.004967982 -0.4158283 -3.364664 0 0 0 1
5 0 -0.4160801 -0.02381849 -0.909016 -8.148917 -0.005698351 0.9997056 -0.02358651 271.5193 0.90931 -0.004633985 -0.4160932 -3.562591 0 0 0 1
5 1 -0.4160801 -0.02381849 -0.909016 -8.681643 -0.005698351 0.9997056 -0.02358651 271.5193 0.90931 -0.004633985 -0.4160932 -3.562591 0 0 0 1
6 0 -0.4161789 -0.02363453 -0.9089758 -8.265375 -0.005430571 0.9997089 -0.0235073 271.5147 0.9092668 -0.00484698 -0.4161861 -3.905722 0 0 0 1
6 1 -0.4161789 -0.02363453 -0.9089758 -8.7981 -0.005430571 0.9997089 -0.0235073 271.5148 0.9092668 -0.00484698 -0.4161861 -3.905722 0 0 0 1
7 0 -0.4160042 -0.02380943 -0.9090511 -8.493449 -0.005181409 0.999703 -0.02381261 271.506 0.9093481 -0.005195975 -0.4160041 -4.311083 0 0 0 1
7 1 -0.4160042 -0.02380943 -0.9090511 -9.026175 -0.005181409 0.999703 -0.02381261 271.506 0.9093481 -0.005195975 -0.4160041 -4.311083 0 0 0 1
8 0 -0.4156868 -0.02409338 -0.9091886 -8.733896 -0.005576873 0.9996978 -0.02394208 271.4996 0.9094907 -0.00488198 -0.4156955 -4.505432 0 0 0 1
8 1 -0.4156868 -0.02409338 -0.9091886 -9.266622 -0.005576873 0.9996978 -0.02394208 271.4997 0.9094907 -0.00488198 -0.4156955 -4.505432 0 0 0 1
9 0 -0.4153063 -0.02449226 -0.909352 -9.018946 -0.005739894 0.9996881 -0.02430391 271.4903 0.9096636 -0.004873981 -0.4153173 -4.808026 0 0 0 1
9 1 -0.4153063 -0.02449226 -0.909352 -9.551672 -0.005739894 0.9996881 -0.02430391 271.4904 0.9096636 -0.004873981 -0.4153173 -4.808026 0 0 0 1
10 0 -0.4151475 -0.02445027 -0.9094255 -9.166499 -0.005702741 0.9996891 -0.02427378 271.4854 0.9097363 -0.004890979 -0.4151579 -5.086768 0 0 0 1
10 1 -0.4151475 -0.02445027 -0.9094255 -9.699224 -0.005702741 0.9996891 -0.02427378 271.4854 0.9097363 -0.004890979 -0.4151579 -5.086768 0 0 0 1
11 0 -0.414867 -0.02434332 -0.9095565 -9.295953 -0.005778271 0.9996924 -0.02412013 271.4819 0.9098638 -0.00475098 -0.41488 -5.319685 0 0 0 1
11 1 -0.414867 -0.02434332 -0.9095565 -9.828676 -0.005778271 0.9996924 -0.02412013 271.4819 0.9098638 -0.00475098 -0.41488 -5.319685 0 0 0 1
12 0 -0.4144915 -0.02413242 -0.9097331 -9.411373 -0.005937545 0.9996988 -0.02381367 271.4799 0.9100338 -0.004468984 -0.41451 -5.538191 0 0 0 1
12 1 -0.4144915 -0.02413242 -0.9097331 -9.944098 -0.005937545 0.9996988 -0.02381367 271.4799 0.9100338 -0.004468984 -0.41451 -5.538191 0 0 0 1
13 0 -0.4140819 -0.02407841 -0.9099213 -9.552151 -0.005746016 0.9996993 -0.02383927 271.4745 0.9102217 -0.004642985 -0.4140958 -5.850044 0 0 0 1
13 1 -0.4140819 -0.02407841 -0.9099213 -10.08488 -0.005746016 0.9996993 -0.02383927 271.4745 0.9102217 -0.004642985 -0.4140958 -5.850044 0 0 0 1
14 0 -0.4136188 -0.02384443 -0.9101378 -9.643035 -0.005173501 0.9997024 -0.02383976 271.4686 0.9104354 -0.005151977 -0.413619 -6.24934 0 0 0 1
14 1 -0.4136188 -0.02384443 -0.9101378 -10.17576 -0.005173501 0.9997024 -0.02383976 271.4687 0.9104354 -0.005151977 -0.413619 -6.24934 0 0 0 1
15 0 -0.4131343 -0.02419832 -0.9103487 -9.906185 -0.005336254 0.999694 -0.02415155 271.4599 0.9106546 -0.005119978 -0.4131371 -6.525807 0 0 0 1
15 1 -0.4131343 -0.02419832 -0.9103487 -10.43891 -0.005336254 0.999694 -0.02415155 271.4599 0.9106546 -0.005119978 -0.4131371 -6.525806 0 0 0 1
16 0 -0.4129267 -0.02474616 -0.9104281 -10.20348 -0.005660974 0.9996812 -0.02460459 271.4502 0.9107468 -0.005005979 -0.412935 -6.752253 0 0 0 1
16 1 -0.4129267 -0.02474616 -0.9104281 -10.73621 -0.005660974 0.9996812 -0.02460459 271.4502 0.9107468 -0.005005979 -0.412935 -6.752253 0 0 0 1
17 0 -0.4127069 -0.0249761 -0.9105214 -10.41325 -0.005850224 0.999676 -0.02476997 271.4437 0.9108451 -0.00489598 -0.4127192 -6.976643 0 0 0 1
17 1 -0.4127069 -0.0249761 -0.9105214 -10.94597 -0.005850224 0.999676 -0.02476997 271.4437 0.9108451 -0.00489598 -0.4127192 -6.976643 0 0 0 1
18 0 -0.4124331 -0.02509306 -0.9106423 -10.60665 -0.005811768 0.9996727 -0.02491415 271.4364 0.9109694 -0.00498298 -0.412444 -7.276867 0 0 0 1
18 1 -0.4124331 -0.02509306 -0.9106423 -11.13938 -0.005811768 0.9996727 -0.02491415 271.4364 0.9109694 -0.00498298 -0.412444 -7.276867 0 0 0 1
19 0 -0.4123172 -0.02493108 -0.9106991 -10.70789 -0.00557864 0.9996759 -0.02484117 271.4319 0.9110233 -0.005161976 -0.4123225 -7.574162 0 0 0 1
19 1 -0.4123172 -0.02493108 -0.9106991 -11.24061 -0.00557864 0.9996759 -0.02484117 271.4319 0.9110233 -0.005161976 -0.4123225 -7.574162 0 0 0 1
20 0 -0.412209 -0.02492107 -0.9107485 -10.86268 -0.00544853 0.9996754 -0.02488838 271.4257 0.9110731 -0.005296974 -0.4122111 -7.882257 0 0 0 1
20 1 -0.412209 -0.02492107 -0.9107485 -11.3954 -0.00544853 0.9996754 -0.02488838 271.4256 0.9110731 -0.005296974 -0.4122111 -7.882257 0 0 0 1
21 0 -0.4120179 -0.02502403 -0.910832 -11.03207 -0.005458415 0.9996727 -0.02499569 271.4195 0.9111593 -0.005326972 -0.4120196 -8.134057 0 0 0 1
21 1 -0.4120179 -0.02502403 -0.910832 -11.56479 -0.005458415 0.9996727 -0.02499569 271.4194 0.9111593 -0.005326972 -0.4120196 -8.134056 0 0 0 1
22 0 -0.4120365 -0.02487207 -0.9108279 -11.12979 -0.005307855 0.9996759 -0.02489711 271.4155 0.9111519 -0.005423973 -0.412035 -8.402176 0 0 0 1
22 1 -0.4120365 -0.02487207 -0.9108279 -11.66251 -0.005307855 0.9996759 -0.02489711 271.4155 0.9111519 -0.005423973 -0.412035 -8.402176 0 0 0 1
23 0 -0.4120693 -0.02486605 -0.9108133 -11.2786 -0.005118517 0.9996749 -0.02497634 271.4087 0.9111382 -0.00562997 -0.4120626 -8.720567 0 0 0 1
23 1 -0.4120693 -0.02486605 -0.9108133 -11.81133 -0.005118517 0.9996749 -0.02497634 271.4086 0.9111382 -0.00562997 -0.4120626 -8.720567 0 0 0 1
24 0 -0.4120078 -0.02500805 -0.9108371 -11.45313 -0.005490736 0.9996733 -0.02496346 271.4054 0.9111639 -0.005283974 -0.4120106 -8.862795 0 0 0 1
24 1 -0.4120078 -0.02500805 -0.9108371 -11.98586 -0.005490736 0.9996733 -0.02496346 271.4055 0.9111639 -0.005283974 -0.4120106 -8.862795 0 0 0 1
25 0 -0.4120181 -0.02535899 -0.9108227 -11.68215 -0.006092353 0.999667 -0.02507665 271.4013 0.9111553 -0.004782983 -0.4120353 -8.961192 0 0 0 1
25 1 -0.4120181 -0.02535899 -0.9108227 -12.21488 -0.006092353 0.999667 -0.02507665 271.4013 0.9111553 -0.004782983 -0.4120353 -8.961192 0 0 0 1
26 0 -0.4119459 -0.02586881 -0.910841 -11.96616 -0.00622033 0.9996535 -0.0255779 271.3895 0.9111871 -0.004870981 -0.4119642 -9.239285 0 0 0 1
26 1 -0.4119459 -0.02586881 -0.910841 -12.49888 -0.00622033 0.9996535 -0.0255779 271.3895 0.9111871 -0.004870981 -0.4119642 -9.239285 0 0 0 1
27 0 -0.4119254 -0.02610968 -0.9108436 -12.16232 -0.005966297 0.9996452 -0.02595698 271.3784 0.9111982 -0.005257973 -0.4119351 -9.573112 0 0 0 1
27 1 -0.4119254 -0.02610968 -0.9108436 -12.69505 -0.005966297 0.9996452 -0.02595698 271.3784 0.9111982 -0.005257973 -0.4119351 -9.573112 0 0 0 1
28 0 -0.4120344 -0.02638263 -0.9107865 -12.36431 -0.006451096 0.9996402 -0.02603801 271.3745 0.9111457 -0.004852981 -0.4120563 -9.690638 0 0 0 1
28 1 -0.4120344 -0.02638263 -0.9107865 -12.89704 -0.006451096 0.9996402 -0.02603801 271.3745 0.9111457 -0.004852981 -0.4120563 -9.690638 0 0 0 1
29 0 -0.4121408 -0.02606679 -0.9107474 -12.4201 -0.006693897 0.9996503 -0.02558213 271.3774 0.9110957 -0.004446987 -0.4121712 -9.827479 0 0 0 1
29 1 -0.4121408 -0.02606679 -0.9107474 -12.95282 -0.006693897 0.9996503 -0.02558213 271.3774 0.9110957 -0.004446987 -0.4121712 -9.827479 0 0 0 1
30 0 -0.4122819 -0.02591179 -0.9106878 -12.50349 -0.006207398 0.9996521 -0.02563291 271.3704 0.9110352 -0.004914981 -0.4122993 -10.17661 0 0 0 1
30 1 -0.4122819 -0.02591179 -0.9106878 -13.03622 -0.006207398 0.9996521 -0.02563291 271.3704 0.9110352 -0.004914981 -0.4122993 -10.17661 0 0 0 1
31 0 -0.4125532 -0.02569586 -0.910571 -12.58057 -0.006117685 0.9996577 -0.02543809 271.3683 0.9109129 -0.004923981 -0.4125692 -10.42172 0 0 0 1
31 1 -0.4125532 -0.02569586 -0.910571 -13.1133 -0.006117685 0.9996577 -0.02543809 271.3683 0.9109129 -0.004923981 -0.4125692 -10.42172 0 0 0 1
32 0 -0.4126157 -0.02583583 -0.9105387 -12.74249 -0.006321197 0.9996548 -0.02549995 271.364 0.9108832 -0.004765983 -0.4126365 -10.59651 0 0 0 1
32 1 -0.4126157 -0.02583583 -0.9105387 -13.27521 -0.006321197 0.9996548 -0.02549995 271.3639 0.9108832 -0.004765983 -0.4126365 -10.59651 0 0 0 1
33 0 -0.4128113 -0.0262037 -0.9104397 -12.96384 -0.006469542 0.9996452 -0.02583774 271.3549 0.9107938 -0.004775982 -0.4128344 -10.81657 0 0 0 1
33 1 -0.4128113 -0.0262037 -0.9104397 -13.49657 -0.006469542 0.9996452 -0.02583774 271.3549 0.9107938 -0.004775982 -0.4128344 -10.81657 0 0 0 1
34 0 -0.4128382 -0.02662639 -0.9104151 -13.21528 -0.00562907 0.9996281 -0.02668299 271.3321 0.910787 -0.005890968 -0.4128346 -11.35824 0 0 0 1
34 1 -0.4128382 -0.02662639 -0.9104151 -13.748 -0.00562907 0.9996281 -0.02668299 271.3321 0.910787 -0.005890968 -0.4128346 -11.35824 0 0 0 1
35 0 -0.4127609 -0.02657628 -0.9104516 -13.32931 -0.00486352 0.9996243 -0.02697433 271.3186 0.9108264 -0.006705948 -0.4127351 -11.79893 0 0 0 1
35 1 -0.4127609 -0.02657628 -0.9104516 -13.86204 -0.00486352 0.9996243 -0.02697433 271.3186 0.9108264 -0.006705948 -0.4127351 -11.79893 0 0 0 1
36 0 -0.4127048 -0.02630827 -0.9104849 -13.3864 -0.004236356 0.9996274 -0.02696377 271.3104 0.9108551 -0.007270939 -0.4126625 -12.1755 0 0 0 1
36 1 -0.4127048 -0.02630827 -0.9104849 -13.91912 -0.004236356 0.9996274 -0.02696377 271.3104 0.9108551 -0.007270939 -0.4126625 -12.1755 0 0 0 1
37 0 -0.4124508 -0.02622725 -0.9106023 -13.51188 -0.003987628 0.9996279 -0.02698521 271.3029 0.9109712 -0.007498928 -0.4124019 -12.48722 0 0 0 1
37 1 -0.4124508 -0.02622725 -0.9106023 -14.0446 -0.003987628 0.9996279 -0.02698521 271.3029 0.9109712 -0.007498928 -0.4124019 -12.48722 0 0 0 1
38 0 -0.4123423 -0.02633219 -0.9106485 -13.67561 -0.003892828 0.999624 -0.02714232 271.2943 0.9110208 -0.007646928 -0.4122899 -12.76027 0 0 0 1
38 1 -0.4123423 -0.02633219 -0.9106485 -14.20834 -0.003892828 0.999624 -0.02714232 271.2943 0.9110208 -0.007646928 -0.4122899 -12.76027 0 0 0 1
39 0 -0.4119146 -0.02629812 -0.9108428 -13.80901 -0.003499605 0.9996217 -0.02727872 271.284 0.9112157 -0.008048914 -0.4118508 -13.10572 0 0 0 1
39 1 -0.4119146 -0.02629812 -0.9108428 -14.34173 -0.003499605 0.9996217 -0.02727872 271.284 0.9112157 -0.008048914 -0.4118508 -13.10572 0 0 0 1
40 0 -0.4112843 -0.02622006 -0.9111301 -13.951 -0.003073842 0.9996204 -0.02737906 271.2731 0.9115021 -0.008459901 -0.4112087 -13.48303 0 0 0 1
40 1 -0.4112843 -0.02622006 -0.9111301 -14.48373 -0.003073842 0.9996204 -0.02737906 271.2731 0.9115021 -0.008459901 -0.4112087 -13.48302 0 0 0 1
41 0 -0.410563 -0.02611205 -0.9114584 -14.07645 -0.002791628 0.9996212 -0.02738032 271.2652 0.911828 -0.008696889 -0.4104804 -13.79556 0 0 0 1
41 1 -0.410563 -0.02611205 -0.9114584 -14.60918 -0.002791628 0.9996212 -0.02738032 271.2652 0.911828 -0.008696889 -0.4104804 -13.79556 0 0 0 1
42 0 -0.4097041 -0.02629597 -0.9118395 -14.30232 -0.002836664 0.9996163 -0.02755276 271.2555 0.9122142 -0.00870189 -0.4096215 -14.07878 0 0 0 1
42 1 -0.4097041 -0.02629597 -0.9118395 -14.83505 -0.002836664 0.9996163 -0.02755276 271.2555 0.9122142 -0.00870189 -0.4096215 -14.07878 0 0 0 1
43 0 -0.408994 -0.02672171 -0.912146 -14.58173 -0.002623383 0.9996015 -0.02810747 271.2369 0.9125335 -0.009102875 -0.4089011 -14.45428 0 0 0 1
43 1 -0.408994 -0.02672171 -0.912146 -15.11445 -0.002623383 0.9996015 -0.02810747 271.2368 0.9125335 -0.009102875 -0.4089011 -14.45428 0 0 0 1
44 0 -0.4084027 -0.02685254 -0.9124069 -14.7857 -0.002202068 0.9995933 -0.02843281 271.2205 0.9127993 -0.009602852 -0.4082956 -14.86635 0 0 0 1
44 1 -0.4084027 -0.02685254 -0.9124069 -15.31842 -0.002202068 0.9995933 -0.02843281 271.2205 0.9127993 -0.009602852 -0.4082956 -14.86635 0 0 0 1
45 0 -0.4075948 -0.02656653 -0.9127765 -14.90281 -0.001647359 0.9995965 -0.02835783 271.2097 0.9131615 -0.01005483 -0.407474 -15.30309 0 0 0 1
45 1 -0.4075948 -0.02656653 -0.9127765 -15.43554 -0.001647359 0.9995965 -0.02835783 271.2097 0.9131615 -0.01005483 -0.407474 -15.30309 0 0 0 1
46 0 -0.4070295 -0.02665241 -0.9130262 -15.10743 -0.001357757 0.9995908 -0.02857405 271.1953 0.9134141 -0.01039081 -0.4068992 -15.69259 0 0 0 1
46 1 -0.4070295 -0.02665241 -0.9130262 -15.64015 -0.001357757 0.9995908 -0.02857405 271.1953 0.9134141 -0.01039081 -0.4068992 -15.69259 0 0 0 1
47 0 -0.4063864 -0.02691524 -0.9133049 -15.36728 -0.001237925 0.9995813 -0.02890699 271.1794 0.9137006 -0.0106168 -0.4062495 -16.06248 0 0 0 1
47 1 -0.4063864 -0.02691524 -0.9133049 -15.9 -0.001237925 0.9995813 -0.02890699 271.1794 0.9137006 -0.0106168 -0.4062495 -16.06248 0 0 0 1
48 0 -0.405875 -0.02677329 -0.9135365 -15.54198 -0.001171409 0.9995852 -0.02877471 271.1722 0.913928 -0.0106088 -0.405738 -16.41461 0 0 0 1
48 1 -0.405875 -0.02677329 -0.9135365 -16.07471 -0.001171409 0.9995852 -0.02877471 271.1722 0.913928 -0.0106088 -0.405738 -16.41461 0 0 0 1
49 0 -0.4056921 -0.02651931 -0.9136249 -15.6696 -0.0007928414 0.9995888 -0.02866248 271.1624 0.9140094 -0.01090378 -0.4055463 -16.82974 0 0 0 1
49 1 -0.4056921 -0.02651931 -0.9136249 -16.20233 -0.0007928414 0.9995888 -0.02866248 271.1624 0.9140094 -0.01090378 -0.4055463 -16.82974 0 0 0 1
50 0 -0.4057099 -0.02676318 -0.9136101 -15.93551 -0.0007680319 0.9995809 -0.02894053 271.1471 0.9140017 -0.01103978 -0.4055604 -17.21565 0 0 0 1
50 1 -0.4057099 -0.02676318 -0.9136101 -16.46823 -0.0007680319 0.9995809 -0.02894053 271.1471 0.9140017 -0.01103978 -0.4055604 -17.21565 0 0 0 1
51 0 -0.405589 -0.02728597 -0.9136484 -16.30647 -0.001043097 0.9995675 -0.02938888 271.1294 0.9140552 -0.01096678 -0.4054421 -17.59153 0 0 0 1
51 1 -0.405589 -0.02728597 -0.9136484 -16.83919 -0.001043097 0.9995675 -0.02938888 271.1294 0.9140552 -0.01096678 -0.4054421 -17.59153 0 0 0 1
52 0 -0.4053012 -0.027173 -0.9137794 -16.49503 -0.0009230999 0.9995698 -0.02931471 271.12 0.9141829 -0.01103778 -0.405152 -17.97987 0 0 0 1
52 1 -0.4053012 -0.027173 -0.9137794 -17.02775 -0.0009230999 0.9995698 -0.02931471 271.12 0.9141829 -0.01103778 -0.405152 -17.97987 0 0 0 1
53 0 -0.4053643 -0.02701695 -0.9137561 -16.69505 -0.0004978627 0.9995695 -0.02933332 271.1039 0.9141553 -0.01143575 -0.4052032 -18.51013 0 0 0 1
53 1 -0.4053643 -0.02701695 -0.9137561 -17.22777 -0.0004978627 0.9995695 -0.02933332 271.1039 0.9141553 -0.01143575 -0.4052032 -18.51013 0 0 0 1
54 0 -0.4056095 -0.0268169 -0.9136531 -16.86477 -4.235003E-05 0.9995701 -0.02931988 271.0888 0.9140466 -0.01185372 -0.4054363 -19.02167 0 0 0 1
54 1 -0.4056095 -0.0268169 -0.9136531 -17.39749 -4.235003E-05 0.9995701 -0.02931988 271.0888 0.9140466 -0.01185372 -0.4054363 -19.02167 0 0 0 1
55 0 -0.4055586 -0.02675897 -0.9136775 -17.08453 -0.0001470586 0.9995733 -0.02920934 271.0814 0.9140692 -0.01171173 -0.4053894 -19.39063 0 0 0 1
55 1 -0.4055586 -0.02675897 -0.9136775 -17.61725 -0.0001470586 0.9995733 -0.02920934 271.0814 0.9140692 -0.01171173 -0.4053894 -19.39063 0 0 0 1
56 0 -0.4052379 -0.02730262 -0.9138035 -17.50213 -3.620889E-05 0.9995545 -0.02984863 271.0523 0.9142113 -0.01206271 -0.4050584 -19.94372 0 0 0 1
56 1 -0.4052379 -0.02730262 -0.9138035 -18.03486 -3.620889E-05 0.9995545 -0.02984863 271.0524 0.9142113 -0.01206271 -0.4050584 -19.94372 0 0 0 1
57 0 -0.4052558 -0.02769137 -0.9137839 -17.85464 2.691615E-05 0.9995408 -0.03030208 271.0285 0.9142034 -0.01230469 -0.4050689 -20.44108 0 0 0 1
57 1 -0.4052558 -0.02769137 -0.9137839 -18.38737 2.691615E-05 0.9995408 -0.03030208 271.0285 0.9142034 -0.01230469 -0.4050689 -20.44108 0 0 0 1
58 0 -0.4054296 -0.02739039 -0.9137158 -18.02337 0.00044409 0.999545 -0.03016033 271.0147 0.9141262 -0.01263366 -0.405233 -20.97404 0 0 0 1
58 1 -0.4054296 -0.02739039 -0.9137158 -18.55609 0.00044409 0.999545 -0.03016033 271.0146 0.9141262 -0.01263366 -0.405233 -20.97404 0 0 0 1
59 0 -0.4053568 -0.0272995 -0.9137509 -18.28703 0.0003022831 0.9995499 -0.02999696 271.0064 0.9141586 -0.01243568 -0.4051661 -21.41894 0 0 0 1
59 1 -0.4053568 -0.0272995 -0.9137509 -18.81975 0.0003022831 0.9995499 -0.02999696 271.0063 0.9141586 -0.01243568 -0.4051661 -21.41894 0 0 0 1
60 0 -0.4050825 -0.02717573 -0.9138761 -18.52637 -0.0001434321 0.9995601 -0.02966012 271.0075 0.9142801 -0.01188372 -0.4049081 -21.73149 0 0 0 1
60 1 -0.4050825 -0.02717573 -0.9138761 -19.05909 -0.0001434321 0.9995601 -0.02966012 271.0075 0.9142801 -0.01188372 -0.4049081 -21.73149 0 0 0 1
61 0 -0.4051716 -0.02732177 -0.9138325 -18.83696 -0.0004954366 0.9995598 -0.02966519 270.9987 0.9142407 -0.01156674 -0.4050068 -22.12353 0 0 0 1
61 1 -0.4051716 -0.02732177 -0.9138325 -19.36969 -0.0004954366 0.9995598 -0.02966519 270.9987 0.9142407 -0.01156674 -0.4050068 -22.12353 0 0 0 1
62 0 -0.405372 -0.02739673 -0.9137414 -19.1594 -0.0004957607 0.9995573 -0.02974982 270.9819 0.9141518 -0.01160674 -0.4052061 -22.67279 0 0 0 1
62 1 -0.405372 -0.02739673 -0.9137414 -19.69212 -0.0004957607 0.9995573 -0.02974982 270.9819 0.9141518 -0.01160674 -0.4052061 -22.67279 0 0 0 1
63 0 -0.4051856 -0.0279339 -0.9138076 -19.5948 -0.001961364 0.9995574 -0.02968548 270.9892 0.9142323 -0.01023582 -0.405061 -22.79705 0 0 0 1
63 1 -0.4051856 -0.0279339 -0.9138076 -20.12752 -0.001961364 0.9995574 -0.02968548 270.9893 0.9142323 -0.01023582 -0.405061 -22.79705 0 0 0 1
64 0 -0.4051569 -0.0274507 -0.9138351 -19.78371 -0.003917479 0.9995921 -0.02828991 271.0385 0.9142389 -0.007881918 -0.4050992 -22.71367 0 0 0 1
64 1 -0.4051569 -0.0274507 -0.9138351 -20.31643 -0.003917479 0.9995921 -0.02828991 271.0385 0.9142389 -0.007881918 -0.4050992 -22.71367 0 0 0 1
65 0 -0.4052343 -0.02710625 -0.913811 -19.98001 -0.005819614 0.9996166 -0.02707075 271.0845 0.9141944 -0.005651968 -0.4052367 -22.61674 0 0 0 1
65 1 -0.4052343 -0.02710625 -0.913811 -20.51274 -0.005819614 0.9996166 -0.02707075 271.0845 0.9141944 -0.005651968 -0.4052367 -22.61673 0 0 0 1
66 0 -0.404918 -0.02700952 -0.9139542 -20.2518 -0.007430238 0.9996278 -0.02624949 271.1171 0.914323 -0.003837991 -0.404968 -22.62607 0 0 0 1
66 1 -0.404918 -0.02700952 -0.9139542 -20.78453 -0.007430238 0.9996278 -0.02624949 271.1171 0.914323 -0.003837991 -0.404968 -22.62607 0 0 0 1
67 0 -0.4046222 -0.02721755 -0.9140788 -20.63369 -0.008772979 0.9996265 -0.02588141 271.1337 0.9144418 -0.002452997 -0.4047098 -22.80094 0 0 0 1
67 1 -0.4046222 -0.02721755 -0.9140788 -21.16642 -0.008772979 0.9996265 -0.02588141 271.1337 0.9144418 -0.002452997 -0.4047098 -22.80094 0 0 0 1
68 0 -0.4045961 -0.02732154 -0.9140874 -20.95045 -0.00904122 0.9996243 -0.02587634 271.1282 0.9144509 -0.002204998 -0.4046911 -23.23512 0 0 0 1
68 1 -0.4045961 -0.02732154 -0.9140874 -21.48317 -0.00904122 0.9996243 -0.02587634 271.1282 0.9144509 -0.002204998 -0.4046911 -23.23512 0 0 0 1
69 0 -0.4042822 -0.02740451 -0.9142237 -21.26793 -0.009181194 0.9996223 -0.02590434 271.1203 0.9145883 -0.002078999 -0.404381 -23.69651 0 0 0 1
69 1 -0.4042822 -0.02740451 -0.9142237 -21.80065 -0.009181194 0.9996223 -0.02590434 271.1203 0.9145883 -0.002078999 -0.404381 -23.69651 0 0 0 1
70 0 -0.40385 -0.02732255 -0.9144173 -21.57247 -0.009186141 0.9996246 -0.02581149 271.1133 0.9147793 -0.002023999 -0.4039493 -24.22318 0 0 0 1
70 1 -0.40385 -0.02732255 -0.9144173 -22.1052 -0.009186141 0.9996246 -0.02581149 271.1133 0.9147793 -0.002023999 -0.4039493 -24.22318 0 0 0 1
71 0 -0.4037318 -0.02705265 -0.9144774 -21.78882 -0.009175315 0.9996322 -0.02552095 271.113 0.9148315 -0.001913 -0.4038315 -24.68786 0 0 0 1
71 1 -0.4037318 -0.02705265 -0.9144774 -22.32154 -0.009175315 0.9996322 -0.02552095 271.113 0.9148315 -0.001913 -0.4038315 -24.68786 0 0 0 1
72 0 -0.4036021 -0.02738954 -0.9145245 -22.1685 -0.009617154 0.9996236 -0.02569393 271.1053 0.914884 -0.001575 -0.4037136 -25.08997 0 0 0 1
72 1 -0.4036021 -0.02738954 -0.9145245 -22.70122 -0.009617154 0.9996236 -0.02569393 271.1053 0.914884 -0.001575 -0.4037136 -25.08997 0 0 0 1
73 0 -0.4031596 -0.02792235 -0.9147036 -22.63639 -0.01021797 0.9996095 -0.02601058 271.0947 0.9150727 -0.00114 -0.4032874 -25.50809 0 0 0 1
73 1 -0.4031596 -0.02792235 -0.9147036 -23.16912 -0.01021797 0.9996095 -0.02601058 271.0947 0.9150727 -0.00114 -0.4032874 -25.50809 0 0 0 1
74 0 -0.403007 -0.02774141 -0.9147766 -22.8746 -0.009846753 0.9996141 -0.02597618 271.0819 0.9151441 -0.001460998 -0.4031247 -26.08332 0 0 0 1
74 1 -0.403007 -0.02774141 -0.9147766 -23.40732 -0.009846753 0.9996141 -0.02597618 271.0819 0.9151441 -0.001460998 -0.4031247 -26.08332 0 0 0 1
75 0 -0.4028691 -0.02755649 -0.9148427 -23.13796 -0.009914753 0.9996194 -0.02574394 271.081 0.9152039 -0.001301 -0.4029889 -26.5747 0 0 0 1
75 1 -0.4028691 -0.02755649 -0.9148427 -23.67069 -0.009914753 0.9996194 -0.02574394 271.081 0.9152039 -0.001301 -0.4029889 -26.5747 0 0 0 1
76 0 -0.4024413 -0.02793535 -0.9150196 -23.53307 -0.01040699 0.9996093 -0.02594069 271.0738 0.9153868 -0.0009170007 -0.4025748 -26.94949 0 0 0 1
76 1 -0.4024413 -0.02793535 -0.9150196 -24.06579 -0.01040699 0.9996093 -0.02594069 271.0738 0.9153868 -0.0009170007 -0.4025748 -26.94949 0 0 0 1
77 0 -0.4022026 -0.02809329 -0.9151196 -23.86112 -0.01041803 0.9996048 -0.0261081 271.0602 0.9154915 -0.0009669978 -0.4023364 -27.44196 0 0 0 1
77 1 -0.4022026 -0.02809329 -0.9151196 -24.39384 -0.01041803 0.9996048 -0.0261081 271.0602 0.9154915 -0.0009669978 -0.4023364 -27.44195 0 0 0 1
78 0 -0.4021064 -0.02822123 -0.915158 -24.20294 -0.0101737 0.9996009 -0.02635508 271.039 0.9155365 -0.001287001 -0.402233 -28.05522 0 0 0 1
78 1 -0.4021064 -0.02822123 -0.915158 -24.73567 -0.0101737 0.9996009 -0.02635508 271.039 0.9155365 -0.001287001 -0.402233 -28.05522 0 0 0 1
79 0 -0.4018126 -0.02846314 -0.9152796 -24.55271 -0.01053095 0.9995943 -0.026462 271.0328 0.9156615 -0.0009939997 -0.4019493 -28.44793 0 0 0 1
79 1 -0.4018126 -0.02846314 -0.9152796 -25.08544 -0.01053095 0.9995943 -0.026462 271.0328 0.9156615 -0.0009939997 -0.4019493 -28.44793 0 0 0 1
80 0 -0.4013845 -0.02850513 -0.9154659 -24.85128 -0.0107022 0.9995933 -0.02643226 271.0284 0.915847 -0.0008119997 -0.4015263 -28.86534 0 0 0 1
80 1 -0.4013845 -0.02850513 -0.9154659 -25.38401 -0.0107022 0.9995933 -0.02643226 271.0284 0.915847 -0.0008119997 -0.4015263 -28.86535 0 0 0 1
81 0 -0.4013044 -0.02807127 -0.9155145 -25.03523 -0.009655136 0.9996043 -0.0264174 271.0022 0.9158939 -0.001762 -0.4014165 -29.6394 0 0 0 1
81 1 -0.4013044 -0.02807127 -0.9155145 -25.56796 -0.009655136 0.9996043 -0.0264174 271.0022 0.9158939 -0.001762 -0.4014165 -29.6394 0 0 0 1
82 0 -0.4011385 -0.02816619 -0.9155843 -25.33724 -0.009047956 0.9996002 -0.02678667 270.9701 0.9159728 -0.002460997 -0.4012331 -30.29452 0 0 0 1
82 1 -0.4011385 -0.02816619 -0.9155843 -25.86996 -0.009047956 0.9996002 -0.02678667 270.9701 0.9159728 -0.002460997 -0.4012331 -30.29452 0 0 0 1
83 0 -0.4006516 -0.02813519 -0.9157985 -25.64092 -0.008901204 0.9996008 -0.0268156 270.9568 0.9161874 -0.002591997 -0.4007421 -30.83357 0 0 0 1
83 1 -0.4006516 -0.02813519 -0.9157985 -26.17365 -0.008901204 0.9996008 -0.0268156 270.9568 0.9161874 -0.002591997 -0.4007421 -30.83357 0 0 0 1
84 0 -0.4004834 -0.02771631 -0.9158849 -25.80121 -0.008184794 0.9996108 -0.02667109 270.9402 0.9162676 -0.003184996 -0.4005543 -31.45442 0 0 0 1
84 1 -0.4004834 -0.02771631 -0.9158849 -26.33393 -0.008184794 0.9996108 -0.02667109 270.9402 0.9162676 -0.003184996 -0.4005543 -31.45442 0 0 0 1
85 0 -0.400479 -0.02803514 -0.915877 -26.15355 -0.007914665 0.9996004 -0.02713714 270.9091 0.9162718 -0.003618993 -0.4005408 -32.03406 0 0 0 1
85 1 -0.400479 -0.02803514 -0.915877 -26.68628 -0.007914665 0.9996004 -0.02713714 270.9091 0.9162718 -0.003618993 -0.4005408 -32.03406 0 0 0 1
86 0 -0.4004236 -0.02832504 -0.9158924 -26.52565 -0.008164889 0.9995927 -0.02734393 270.8961 0.9162939 -0.003470993 -0.4004918 -32.50018 0 0 0 1
86 1 -0.4004236 -0.02832504 -0.9158924 -27.05837 -0.008164889 0.9995927 -0.02734393 270.8961 0.9162939 -0.003470993 -0.4004918 -32.50018 0 0 0 1
87 0 -0.4003428 -0.02856196 -0.9159202 -26.85625 -0.008418768 0.9995866 -0.02749122 270.8864 0.9163267 -0.003294993 -0.4004177 -32.91068 0 0 0 1
87 1 -0.4003428 -0.02856196 -0.9159202 -27.38898 -0.008418768 0.9995866 -0.02749122 270.8865 0.9163267 -0.003294993 -0.4004177 -32.91068 0 0 0 1
88 0 -0.4006939 -0.02816509 -0.9157791 -27.00099 -0.007952074 0.9995967 -0.02726354 270.8769 0.9161776 -0.003641993 -0.4007562 -33.46938 0 0 0 1
88 1 -0.4006939 -0.02816509 -0.9157791 -27.53372 -0.007952074 0.9995967 -0.02726354 270.8769 0.9161776 -0.003641993 -0.4007562 -33.46938 0 0 0 1
89 0 -0.4007742 -0.02810906 -0.9157458 -27.27193 -0.007506726 0.9995964 -0.02739759 270.8527 0.9161463 -0.00410599 -0.4008235 -34.0985 0 0 0 1
89 1 -0.4007742 -0.02810906 -0.9157458 -27.80466 -0.007506726 0.9995964 -0.02739759 270.8527 0.9161463 -0.00410599 -0.4008235 -34.09851 0 0 0 1
90 0 -0.4007493 -0.02821002 -0.9157533 -27.56148 -0.007513491 0.9995934 -0.0275047 270.8394 0.9161569 -0.004141987 -0.4007983 -34.56273 0 0 0 1
90 1 -0.4007493 -0.02821002 -0.9157533 -28.0942 -0.007513491 0.9995934 -0.0275047 270.8394 0.9161569 -0.004141987 -0.4007983 -34.56273 0 0 0 1
91 0 -0.4009755 -0.02842293 -0.9156479 -27.87144 -0.007624977 0.9995875 -0.02768944 270.8252 0.9160572 -0.004120989 -0.4010267 -35.01548 0 0 0 1
91 1 -0.4009755 -0.02842293 -0.9156479 -28.40417 -0.007624977 0.9995875 -0.02768944 270.8252 0.9160572 -0.004120989 -0.4010267 -35.01548 0 0 0 1
92 0 -0.4012814 -0.02825899 -0.9155188 -28.10135 -0.007535398 0.999592 -0.0275512 270.8187 0.9159238 -0.004156987 -0.4013306 -35.52876 0 0 0 1
92 1 -0.4012814 -0.02825899 -0.9155188 -28.63408 -0.007535398 0.999592 -0.0275512 270.8187 0.9159238 -0.004156987 -0.4013306 -35.52876 0 0 0 1
93 0 -0.4012365 -0.02873585 -0.9155236 -28.49077 -0.008141575 0.9995802 -0.02780604 270.8122 0.9159384 -0.003702994 -0.4013021 -35.85539 0 0 0 1
93 1 -0.4012365 -0.02873585 -0.9155236 -29.02349 -0.008141575 0.9995802 -0.02780604 270.8122 0.9159384 -0.003702994 -0.4013021 -35.85539 0 0 0 1
94 0 -0.4013174 -0.02878686 -0.9154866 -28.78486 -0.008523708 0.9995801 -0.02769463 270.8151 0.9158994 -0.003310994 -0.4013942 -36.24403 0 0 0 1
94 1 -0.4013174 -0.02878686 -0.9154866 -29.31758 -0.008523708 0.9995801 -0.02769463 270.8151 0.9158994 -0.003310994 -0.4013942 -36.24404 0 0 0 1
95 0 -0.401567 -0.02848398 -0.9153867 -28.94974 -0.008222603 0.9995881 -0.02749692 270.8078 0.9157929 -0.003514994 -0.4016358 -36.75102 0 0 0 1
95 1 -0.401567 -0.02848398 -0.9153867 -29.48247 -0.008222603 0.9995881 -0.02749692 270.8077 0.9157929 -0.003514994 -0.4016358 -36.75102 0 0 0 1
96 0 -0.4017543 -0.02825508 -0.9153116 -29.13568 -0.008246104 0.999595 -0.02723742 270.8103 0.9157104 -0.003394994 -0.4018246 -37.16734 0 0 0 1
96 1 -0.4017543 -0.02825508 -0.9153116 -29.6684 -0.008246104 0.999595 -0.02723742 270.8103 0.9157104 -0.003394994 -0.4018246 -37.16734 0 0 0 1
97 0 -0.4017516 -0.0281711 -0.9153153 -29.39349 -0.008164621 0.9995972 -0.02718146 270.8012 0.9157122 -0.003446995 -0.4018198 -37.66806 0 0 0 1
97 1 -0.4017516 -0.0281711 -0.9153153 -29.92622 -0.008164621 0.9995972 -0.02718146 270.8012 0.9157122 -0.003446995 -0.4018198 -37.66805 0 0 0 1
98 0 -0.4018034 -0.02846895 -0.9152833 -29.72374 -0.00798732 0.9995875 -0.02758476 270.7713 0.9156911 -0.003772991 -0.4018651 -38.19833 0 0 0 1
98 1 -0.4018034 -0.02846895 -0.9152833 -30.25646 -0.00798732 0.9995875 -0.02758476 270.7713 0.9156911 -0.003772991 -0.4018651 -38.19833 0 0 0 1
99 0 -0.4020542 -0.02848994 -0.9151728 -29.97118 -0.007971264 0.9995868 -0.02761587 270.7608 0.9155814 -0.003807991 -0.4021152 -38.65305 0 0 0 1
99 1 -0.4020542 -0.02848994 -0.9151728 -30.5039 -0.007971264 0.9995868 -0.02761587 270.7608 0.9155814 -0.003807991 -0.4021152 -38.65305 0 0 0 1
100 0 -0.4021521 -0.02855495 -0.9151276 -30.26041 -0.008364923 0.9995864 -0.02751439 270.7648 0.9155348 -0.003409993 -0.4022245 -39.02787 0 0 0 1
100 1 -0.4021521 -0.02855495 -0.9151276 -30.79313 -0.008364923 0.9995864 -0.02751439 270.7648 0.9155348 -0.003409993 -0.4022245 -39.02787 0 0 0 1
101 0 -0.4019662 -0.02847801 -0.9152117 -30.497 -0.008577522 0.9995895 -0.02733624 270.7691 0.9156145 -0.003137995 -0.4020455 -39.3838 0 0 0 1
101 1 -0.4019662 -0.02847801 -0.9152117 -31.02973 -0.008577522 0.9995895 -0.02733624 270.769 0.9156145 -0.003137995 -0.4020455 -39.3838 0 0 0 1
102 0 -0.4019402 -0.02771633 -0.9152462 -30.56607 -0.008416845 0.9996114 -0.0265748 270.7895 0.9156271 -0.002977997 -0.4020172 -39.81403 0 0 0 1
102 1 -0.4019402 -0.02771633 -0.9152462 -31.0988 -0.008416845 0.9996114 -0.0265748 270.7895 0.9156271 -0.002977997 -0.4020172 -39.81404 0 0 0 1
103 0 -0.4017876 -0.02765039 -0.9153155 -30.8018 -0.008731236 0.9996143 -0.02636427 270.7984 0.9156914 -0.002600999 -0.4018741 -40.13771 0 0 0 1
103 1 -0.4017876 -0.02765039 -0.9153155 -31.33452 -0.008731236 0.9996143 -0.02636427 270.7984 0.9156914 -0.002600999 -0.4018741 -40.13771 0 0 0 1
104 0 -0.4014788 -0.02795729 -0.9154417 -31.14245 -0.009217653 0.9996067 -0.02648515 270.7971 0.9158221 -0.002194997 -0.4015785 -40.44779 0 0 0 1
104 1 -0.4014788 -0.02795729 -0.9154417 -31.67518 -0.009217653 0.9996067 -0.02648515 270.797 0.9158221 -0.002194997 -0.4015785 -40.44779 0 0 0 1
105 0 -0.4009866 -0.02826016 -0.9156479 -31.51292 -0.009179283 0.9995978 -0.0268313 270.7719 0.9160379 -0.002354001 -0.4010847 -40.94573 0 0 0 1
105 1 -0.4009866 -0.02826016 -0.9156479 -32.04565 -0.009179283 0.9995978 -0.0268313 270.7719 0.9160379 -0.002354001 -0.4010847 -40.94573 0 0 0 1
106 0 -0.4006693 -0.02802423 -0.9157941 -31.7055 -0.008837972 0.9996038 -0.0267222 270.7605 0.9161801 -0.002612999 -0.4007583 -41.42953 0 0 0 1
106 1 -0.4006693 -0.02802423 -0.9157941 -32.23822 -0.008837972 0.9996038 -0.0267222 270.7605 0.9161801 -0.002612999 -0.4007583 -41.42953 0 0 0 1
107 0 -0.4001454 -0.02766442 -0.9160341 -31.87297 -0.00932946 0.9996154 -0.02611327 270.7931 0.9164042 -0.001902999 -0.4002496 -41.64376 0 0 0 1
107 1 -0.4001454 -0.02766442 -0.9160341 -32.40569 -0.00932946 0.9996154 -0.02611327 270.7932 0.9164042 -0.001902999 -0.4002496 -41.64376 0 0 0 1
108 0 -0.3992463 -0.02775342 -0.9164237 -32.20078 -0.009918116 0.999614 -0.0259519 270.8076 0.9167902 -0.001272 -0.3993675 -41.90887 0 0 0 1
108 1 -0.3992463 -0.02775342 -0.9164237 -32.7335 -0.009918116 0.999614 -0.0259519 270.8076 0.9167902 -0.001272 -0.3993675 -41.90887 0 0 0 1
109 0 -0.3984976 -0.02797633 -0.9167427 -32.53187 -0.01002254 0.9996078 -0.02614845 270.794 0.9171147 -0.001232 -0.3986217 -42.29434 0 0 0 1
109 1 -0.3984976 -0.02797633 -0.9167427 -33.06459 -0.01002254 0.9996078 -0.02614845 270.7939 0.9171147 -0.001232 -0.3986217 -42.29434 0 0 0 1
110 0 -0.3978997 -0.02765644 -0.917012 -32.70903 -0.009632118 0.9996164 -0.02596827 270.7851 0.9173784 -0.001499999 -0.3980135 -42.76347 0 0 0 1
110 1 -0.3978997 -0.02765644 -0.917012 -33.24175 -0.009632118 0.9996164 -0.02596827 270.7851 0.9173784 -0.001499999 -0.3980135 -42.76347 0 0 0 1
111 0 -0.3971146 -0.02755648 -0.9173554 -32.97651 -0.009646344 0.9996192 -0.0258518 270.7832 0.9177185 -0.001417 -0.3972293 -43.17119 0 0 0 1
111 1 -0.3971146 -0.02755648 -0.9173554 -33.50924 -0.009646344 0.9996192 -0.0258518 270.7832 0.9177185 -0.001417 -0.3972293 -43.17118 0 0 0 1
112 0 -0.3962975 -0.02800033 -0.9176951 -33.36803 -0.01021178 0.9996074 -0.02608975 270.7799 0.9180654 -0.0009680009 -0.3964278 -43.43652 0 0 0 1
112 1 -0.3962975 -0.02800033 -0.9176951 -33.90076 -0.01021178 0.9996074 -0.02608975 270.7799 0.9180654 -0.0009680009 -0.3964278 -43.43652 0 0 0 1
113 0 -0.3953294 -0.02813328 -0.9181085 -33.70494 -0.0103747 0.9996039 -0.02616326 270.7732 0.9184808 -0.0008180011 -0.3954647 -43.81633 0 0 0 1
113 1 -0.3953294 -0.02813328 -0.9181085 -34.23767 -0.0103747 0.9996039 -0.02616326 270.7732 0.9184808 -0.0008180011 -0.3954647 -43.81632 0 0 0 1
114 0 -0.3946657 -0.02794335 -0.9183999 -33.91604 -0.01008405 0.999609 -0.02608079 270.7625 0.9187695 -0.001032001 -0.3947933 -44.25925 0 0 0 1
114 1 -0.3946657 -0.02794335 -0.9183999 -34.44877 -0.01008405 0.999609 -0.02608079 270.7625 0.9187695 -0.001032001 -0.3947933 -44.25925 0 0 0 1
115 0 -0.3939512 -0.02787538 -0.9187087 -34.16231 -0.01012062 0.999611 -0.02599029 270.761 0.9190758 -0.0009409999 -0.39408 -44.61569 0 0 0 1
115 1 -0.3939512 -0.02787538 -0.9187087 -34.69503 -0.01012062 0.999611 -0.02599029 270.7611 0.9190758 -0.0009409999 -0.39408 -44.61569 0 0 0 1
116 0 -0.3928888 -0.02825323 -0.9191521 -34.56713 -0.01034866 0.9996005 -0.02630259 270.7446 0.919528 -0.0008219983 -0.3930242 -44.99221 0 0 0 1
116 1 -0.3928888 -0.02825323 -0.9191521 -35.09985 -0.01034866 0.9996005 -0.02630259 270.7445 0.919528 -0.0008219983 -0.3930242 -44.99221 0 0 0 1
117 0 -0.3920979 -0.0283322 -0.9194871 -34.85403 -0.01038924 0.9995983 -0.02637037 270.7356 0.9198649 -0.0007870011 -0.3922348 -45.35637 0 0 0 1
117 1 -0.3920979 -0.0283322 -0.9194871 -35.38676 -0.01038924 0.9995983 -0.02637037 270.7356 0.9198649 -0.0007870011 -0.3922348 -45.35637 0 0 0 1
118 0 -0.3915458 -0.0280783 -0.9197304 -35.0385 -0.0100594 0.9996052 -0.02623433 270.7263 0.9201038 -0.001019999 -0.3916736 -45.79691 0 0 0 1
118 1 -0.3915458 -0.0280783 -0.9197304 -35.57122 -0.0100594 0.9996052 -0.02623433 270.7263 0.9201038 -0.001019999 -0.3916736 -45.79691 0 0 0 1
119 0 -0.3907959 -0.02829622 -0.9200423 -35.38052 -0.01036729 0.9995993 -0.02633942 270.7225 0.920419 -0.000754999 -0.3909327 -46.13278 0 0 0 1
119 1 -0.3907959 -0.02829622 -0.9200423 -35.91325 -0.01036729 0.9995993 -0.02633942 270.7225 0.920419 -0.000754999 -0.3909327 -46.13278 0 0 0 1
120 0 -0.38991 -0.02864907 -0.9204074 -35.74165 -0.01044466 0.9995892 -0.02668909 270.7003 0.9207939 -0.0007930007 -0.390049 -46.50433 0 0 0 1
120 1 -0.38991 -0.02864907 -0.9204074 -36.27438 -0.01044466 0.9995892 -0.02668909 270.7003 0.9207939 -0.0007930007 -0.390049 -46.50433 0 0 0 1
121 0 -0.3890952 -0.02878202 -0.9207479 -36.03895 -0.01062119 0.9995855 -0.02675807 270.6953 0.9211364 -0.0006319983 -0.3892395 -46.82056 0 0 0 1
121 1 -0.3890952 -0.02878202 -0.9207479 -36.57167 -0.01062119 0.9995855 -0.02675807 270.6953 0.9211364 -0.0006319983 -0.3892395 -46.82056 0 0 0 1
122 0 -0.388509 -0.02890997 -0.9209913 -36.34391 -0.01080878 0.9995819 -0.02681738 270.6906 0.9213816 -0.0004639989 -0.3886591 -47.17685 0 0 0 1
122 1 -0.388509 -0.02890997 -0.9209913 -36.87664 -0.01080878 0.9995819 -0.02681738 270.6906 0.9213816 -0.0004639989 -0.3886591 -47.17685 0 0 0 1
123 0 -0.3879838 -0.02912388 -0.9212061 -36.64479 -0.01112552 0.9995758 -0.02691581 270.6884 0.9215992 -0.0001940001 -0.3881432 -47.46481 0 0 0 1
123 1 -0.3879838 -0.02912388 -0.9212061 -37.17751 -0.01112552 0.9995758 -0.02691581 270.6884 0.9215992 -0.0001940001 -0.3881432 -47.46481 0 0 0 1
124 0 -0.3875321 -0.0297576 -0.9213757 -37.07473 -0.01198255 0.999557 -0.02724274 270.6897 0.9217783 0.0004829988 -0.3877171 -47.67886 0 0 0 1
124 1 -0.3875321 -0.0297576 -0.9213757 -37.60746 -0.01198255 0.999557 -0.02724274 270.6897 0.9217783 0.0004829988 -0.3877171 -47.67886 0 0 0 1
125 0 -0.3872242 -0.03010045 -0.9214941 -37.39447 -0.01197727 0.9995468 -0.02761702 270.6635 0.9219077 0.0003429987 -0.3874092 -48.07574 0 0 0 1
125 1 -0.3872242 -0.03010045 -0.9214941 -37.9272 -0.01197727 0.9995468 -0.02761702 270.6635 0.9219077 0.0003429987 -0.3874092 -48.07574 0 0 0 1
126 0 -0.3870971 -0.03041131 -0.9215374 -37.69465 -0.01173607 0.9995375 -0.02805557 270.6266 0.9219644 -4.500151E-05 -0.387275 -48.54121 0 0 0 1
126 1 -0.3870971 -0.03041131 -0.9215374 -38.22737 -0.01173607 0.9995375 -0.02805557 270.6266 0.9219644 -4.500151E-05 -0.387275 -48.54121 0 0 0 1
127 0 -0.387199 -0.03014443 -0.9215032 -37.8469 -0.01159327 0.9995456 -0.02782609 270.6277 0.9219232 -9.100139E-05 -0.3873726 -48.95341 0 0 0 1
127 1 -0.387199 -0.03014443 -0.9215032 -38.37963 -0.01159327 0.9995456 -0.02782609 270.6277 0.9219232 -9.100139E-05 -0.3873726 -48.9534 0 0 0 1
128 0 -0.3872676 -0.03024939 -0.9214711 -38.07771 -0.01201049 0.9995424 -0.02776459 270.6375 0.9218893 0.0003149994 -0.3874537 -49.20331 0 0 0 1
128 1 -0.3872676 -0.03024939 -0.9214711 -38.61043 -0.01201049 0.9995424 -0.02776459 270.6375 0.9218893 0.0003149994 -0.3874537 -49.20331 0 0 0 1
129 0 -0.3872511 -0.03072416 -0.9214623 -38.41031 -0.01221072 0.9995279 -0.02819545 270.6141 0.9218935 0.0003330009 -0.3874434 -49.55218 0 0 0 1
129 1 -0.3872511 -0.03072416 -0.9214623 -38.94303 -0.01221072 0.9995279 -0.02819545 270.6141 0.9218935 0.0003330009 -0.3874434 -49.55218 0 0 0 1
130 0 -0.3873298 -0.03124192 -0.9214119 -38.76688 -0.01205611 0.9995118 -0.02882205 270.5682 0.9218625 -5.499832E-05 -0.3875173 -50.04549 0 0 0 1
130 1 -0.3873298 -0.03124192 -0.9214119 -39.29961 -0.01205611 0.9995118 -0.02882205 270.5681 0.9218625 -5.499832E-05 -0.3875173 -50.04549 0 0 0 1
131 0 -0.3875687 -0.03118694 -0.9213133 -38.93925 -0.01168073 0.9995134 -0.02892033 270.5446 0.921767 -0.0004470004 -0.3877444 -50.50593 0 0 0 1
131 1 -0.3875687 -0.03118694 -0.9213133 -39.47198 -0.01168073 0.9995134 -0.02892033 270.5446 0.921767 -0.0004470004 -0.3877444 -50.50593 0 0 0 1
132 0 -0.3877583 -0.03103501 -0.9212385 -39.10606 -0.01173558 0.9995182 -0.02873251 270.5499 0.9216864 -0.0003299993 -0.3879356 -50.85807 0 0 0 1
132 1 -0.3877583 -0.03103501 -0.9212385 -39.63879 -0.01173558 0.9995182 -0.02873251 270.5499 0.9216864 -0.0003299993 -0.3879356 -50.85807 0 0 0 1
133 0 -0.3878251 -0.03108499 -0.9212087 -39.31205 -0.01216649 0.9995167 -0.02860535 270.5645 0.9216527 0.0001140004 -0.3880159 -51.08035 0 0 0 1
133 1 -0.3878251 -0.03108499 -0.9212087 -39.84477 -0.01216649 0.9995167 -0.02860535 270.5646 0.9216527 0.0001140004 -0.3880159 -51.08035 0 0 0 1
134 0 -0.3877687 -0.03138085 -0.9212224 -39.58826 -0.01217174 0.9995075 -0.02892415 270.5408 0.9216763 -3.000721E-06 -0.3879597 -51.44683 0 0 0 1
134 1 -0.3877687 -0.03138085 -0.9212224 -40.12098 -0.01217174 0.9995075 -0.02892415 270.5408 0.9216763 -3.000721E-06 -0.3879597 -51.44683 0 0 0 1
135 0 -0.3877095 -0.03174566 -0.9212349 -39.90092 -0.01258634 0.9994959 -0.02914547 270.5349 0.9216958 0.000295002 -0.3879136 -51.7321 0 0 0 1
135 1 -0.3877095 -0.03174566 -0.9212349 -40.43364 -0.01258634 0.9994959 -0.02914547 270.5349 0.9216958 0.000295002 -0.3879136 -51.7321 0 0 0 1
136 0 -0.3876129 -0.03185661 -0.9212714 -40.12549 -0.01271489 0.9994923 -0.02921177 270.5294 0.9217343 0.000391 -0.3878212 -52.0325 0 0 0 1
136 1 -0.3876129 -0.03185661 -0.9212714 -40.65821 -0.01271489 0.9994923 -0.02921177 270.5294 0.9217343 0.000391 -0.3878212 -52.03249 0 0 0 1
137 0 -0.3874134 -0.03210749 -0.9213469 -40.39135 -0.01241024 0.9994844 -0.02961213 270.4906 0.9218227 -3.799982E-05 -0.3876121 -52.46836 0 0 0 1
137 1 -0.3874134 -0.03210749 -0.9213469 -40.92408 -0.01241024 0.9994844 -0.02961213 270.4906 0.9218227 -3.799982E-05 -0.3876121 -52.46836 0 0 0 1
138 0 -0.3869985 -0.03197455 -0.9215258 -40.58315 -0.01191643 0.9994885 -0.0296753 270.4641 0.9220034 -0.0005029989 -0.3871816 -52.93468 0 0 0 1
