frame cameraID r1,1 r1,2 r1,3 t1 r2,1 r2,2 r2,3 t2 r3,1 r3,2 r3,3 t3 0 0 0 1
0 0 -0.008019686 0.07217909 -0.9973595 7.494453 -0.0009896867 0.9973904 0.0721893 112.4036 0.9999674 0.001566 -0.007927299 -0.7717823 0 0 0 1
0 1 -0.008019686 0.07217909 -0.9973595 6.961728 -0.0009896867 0.9973904 0.0721893 112.4036 0.9999674 0.001566 -0.007927299 -0.7717823 0 0 0 1
1 0 -0.007779241 0.0730738 -0.9972962 7.283874 0.0006943159 0.9973266 0.07307061 112.418 0.9999694 -0.000124 -0.007809162 -2.094175 0 0 0 1
1 1 -0.007779241 0.0730738 -0.9972962 6.75115 0.0006943159 0.9973266 0.07307061 112.418 0.9999694 -0.000124 -0.007809162 -2.094175 0 0 0 1
2 0 -0.008015394 0.06971319 -0.9975349 6.626684 -0.001972947 0.9975639 0.06973107 112.4692 0.999966 0.002527006 -0.007858276 -2.832348 0 0 0 1
2 1 -0.008015394 0.06971319 -0.9975349 6.093959 -0.001972947 0.9975639 0.06973107 112.4692 0.999966 0.002527006 -0.007858276 -2.832348 0 0 0 1
3 0 -0.008151174 0.06922305 -0.997568 6.289214 -0.006129198 0.9975789 0.06927389 112.5098 0.9999481 0.00667895 -0.007707238 -3.399123 0 0 0 1
3 1 -0.008151174 0.06922305 -0.997568 5.756489 -0.006129198 0.9975789 0.06927389 112.5097 0.9999481 0.00667895 -0.007707238 -3.399124 0 0 0 1
4 0 -0.007937193 0.06872611 -0.9976041 5.919498 -0.008295748 0.9975966 0.0687916 112.5516 0.9999341 0.008821884 -0.007347941 -4.293531 0 0 0 1
4 1 -0.007937193 0.06872611 -0.9976041 5.386773 -0.008295748 0.9975966 0.0687916 112.5516 0.9999341 0.008821884 -0.007347941 -4.293531 0 0 0 1
5 0 -0.00777173 0.06907684 -0.9975811 5.675004 -0.008956147 0.9975664 0.0691456 112.5817 0.9999297 0.00947186 -0.00713408 -5.249662 0 0 0 1
5 1 -0.00777173 0.06907684 -0.9975811 5.142279 -0.008956147 0.9975664 0.0691456 112.5817 0.9999297 0.00947186 -0.00713408 -5.249662 0 0 0 1
6 0 -0.007475853 0.07004397 -0.9975159 5.4714 -0.008153064 0.9975063 0.0701044 112.6036 0.9999388 0.008656895 -0.006886125 -6.471131 0 0 0 1
6 1 -0.007475853 0.07004397 -0.9975159 4.938675 -0.008153064 0.9975063 0.0701044 112.6036 0.9999388 0.008656895 -0.006886125 -6.471131 0 0 0 1
7 0 -0.007249355 0.06970146 -0.9975415 5.153883 -0.007035568 0.9975395 0.06975245 112.6253 0.999949 0.00752393 -0.006741047 -7.630364 0 0 0 1
7 1 -0.007249355 0.06970146 -0.9975415 4.621158 -0.007035568 0.9975395 0.06975245 112.6253 0.999949 0.00752393 -0.006741047 -7.630365 0 0 0 1
8 0 -0.007126451 0.06916812 -0.9975796 4.822725 -0.006334037 0.9975818 0.06921352 112.6484 0.9999546 0.006811948 -0.006671071 -8.750939 0 0 0 1
8 1 -0.007126451 0.06916812 -0.9975796 4.29 -0.006334037 0.9975818 0.06921352 112.6484 0.9999546 0.006811948 -0.006671071 -8.750939 0 0 0 1
9 0 -0.006884575 0.06806991 -0.9976569 4.401382 -0.006013133 0.9976596 0.06811159 112.6784 0.9999583 0.006467953 -0.006459117 -9.933795 0 0 0 1
9 1 -0.006884575 0.06806991 -0.9976569 3.868657 -0.006013133 0.9976596 0.06811159 112.6784 0.9999583 0.006467953 -0.006459117 -9.933795 0 0 0 1
10 0 -0.006804466 0.06742694 -0.997701 4.047782 -0.006965822 0.9976967 0.06747416 112.7172 0.9999526 0.007408934 -0.006319165 -10.86029 0 0 0 1
10 1 -0.006804466 0.06742694 -0.997701 3.515057 -0.006965822 0.9976967 0.06747416 112.7172 0.9999526 0.007408934 -0.006319165 -10.86029 0 0 0 1
11 0 -0.006888509 0.06772286 -0.9976805 3.777804 -0.007743999 0.9976705 0.06777565 112.7535 0.9999464 0.008192908 -0.006348133 -11.8003 0 0 0 1
11 1 -0.006888509 0.06772286 -0.9976805 3.245079 -0.007743999 0.9976705 0.06777565 112.7535 0.9999464 0.008192908 -0.006348133 -11.8003 0 0 0 1
12 0 -0.006840706 0.06599703 -0.9977964 3.262407 -0.007266134 0.9977901 0.06604643 112.7839 0.9999503 0.007701922 -0.006345987 -12.97769 0 0 0 1
12 1 -0.006840706 0.06599703 -0.9977964 2.729682 -0.007266134 0.9977901 0.06604643 112.7839 0.9999503 0.007701922 -0.006345987 -12.97769 0 0 0 1
13 0 -0.006905675 0.06695717 -0.9977319 3.074084 -0.006674381 0.9977304 0.06700327 112.8003 0.9999539 0.007121947 -0.006443143 -14.06022 0 0 0 1
13 1 -0.006905675 0.06695717 -0.9977319 2.541359 -0.006674381 0.9977304 0.06700327 112.8003 0.9999539 0.007121947 -0.006443143 -14.06022 0 0 0 1
14 0 -0.006788611 0.0666533 -0.9977531 2.748009 -0.007758511 0.9977425 0.06670539 112.8441 0.999947 0.008193905 -0.006256104 -14.95264 0 0 0 1
14 1 -0.006788611 0.0666533 -0.9977531 2.215284 -0.007758511 0.9977425 0.06670539 112.8441 0.999947 0.008193905 -0.006256104 -14.95264 0 0 0 1
15 0 -0.006729364 0.06642501 -0.9977686 2.404096 -0.009141851 0.9977455 0.06648512 112.897 0.9999355 0.009568855 -0.006106853 -15.90745 0 0 0 1
15 1 -0.006729364 0.06642501 -0.9977686 1.871371 -0.009141851 0.9977455 0.06648512 112.897 0.9999355 0.009568855 -0.006106853 -15.90745 0 0 0 1
16 0 -0.006578445 0.06667416 -0.9977531 2.144629 -0.009592371 0.9977246 0.0667355 112.9328 0.9999324 0.01000983 -0.005923867 -16.86105 0 0 0 1
16 1 -0.006578445 0.06667416 -0.9977531 1.611904 -0.009592371 0.9977246 0.0667355 112.9328 0.9999324 0.01000983 -0.005923867 -16.86106 0 0 0 1
17 0 -0.006508827 0.06953396 -0.9975585 2.179877 -0.01014859 0.9975235 0.06959774 112.9664 0.9999274 0.0105768 -0.005787015 -17.79685 0 0 0 1
17 1 -0.006508827 0.06953396 -0.9975585 1.647152 -0.01014859 0.9975235 0.06959774 112.9664 0.9999274 0.0105768 -0.005787015 -17.79685 0 0 0 1
18 0 -0.006350517 0.06850009 -0.9976309 1.74809 -0.009275446 0.9976041 0.06855729 112.985 0.9999368 0.009688845 -0.005699992 -18.9916 0 0 0 1
18 1 -0.006350517 0.06850009 -0.9976309 1.215365 -0.009275446 0.9976041 0.06855729 112.985 0.9999368 0.009688845 -0.005699992 -18.9916 0 0 0 1
19 0 -0.006183028 0.06750019 -0.9977001 1.353206 -0.006125456 0.9976979 0.067538 112.9515 0.9999621 0.006528957 -0.005755305 -20.33888 0 0 0 1
19 1 -0.006183028 0.06750019 -0.9977001 0.820481 -0.006125456 0.9976979 0.067538 112.9515 0.9999621 0.006528957 -0.005755305 -20.33888 0 0 0 1
20 0 -0.005789518 0.06908593 -0.9975939 1.244603 -0.004970796 0.9975963 0.06911495 112.9505 0.9999709 0.005358975 -0.005432129 -21.45445 0 0 0 1
20 1 -0.005789518 0.06908593 -0.9975939 0.7118781 -0.004970796 0.9975963 0.06911495 112.9505 0.9999709 0.005358975 -0.005432129 -21.45445 0 0 0 1
21 0 -0.006018758 0.06548552 -0.9978355 0.5421309 -0.006559771 0.9978294 0.0655247 113.015 0.9999605 0.00693994 -0.005576134 -22.36395 0 0 0 1
21 1 -0.006018758 0.06548552 -0.9978355 0.009405807 -0.006559771 0.9978294 0.0655247 113.015 0.9999605 0.00693994 -0.005576134 -22.36395 0 0 0 1
22 0 -0.006295323 0.06289297 -0.9980005 -0.02084395 -0.008516656 0.9979807 0.06294545 113.0854 0.999944 0.008895881 -0.005746961 -23.13066 0 0 0 1
22 1 -0.006295323 0.06289297 -0.9980005 -0.5535694 -0.008516656 0.9979807 0.06294545 113.0854 0.999944 0.008895881 -0.005746961 -23.13066 0 0 0 1
23 0 -0.006254435 0.0611671 -0.9981079 -0.491831 -0.009015005 0.9980835 0.06122209 113.1226 0.9999398 0.00938086 -0.005690932 -24.05738 0 0 0 1
23 1 -0.006254435 0.0611671 -0.9981079 -1.024556 -0.009015005 0.9980835 0.06122209 113.1226 0.9999398 0.00938086 -0.005690932 -24.05738 0 0 0 1
24 0 -0.006432652 0.05908941 -0.998232 -1.024591 -0.009968938 0.9981992 0.05915171 113.173 0.9999297 0.01033181 -0.005832076 -25.0308 0 0 0 1
24 1 -0.006432652 0.05908941 -0.998232 -1.557317 -0.009968938 0.9981992 0.05915171 113.173 0.9999297 0.01033181 -0.005832076 -25.0308 0 0 0 1
25 0 -0.006152034 0.05745299 -0.9983293 -1.53158 -0.008711664 0.9983072 0.05750541 113.1663 0.9999432 0.009050876 -0.005641103 -26.15325 0 0 0 1
25 1 -0.006152034 0.05745299 -0.9983293 -2.064304 -0.008711664 0.9983072 0.05750541 113.1663 0.9999432 0.009050876 -0.005641103 -26.15325 0 0 0 1
26 0 -0.005363703 0.05487218 -0.9984791 -2.120003 -0.006440243 0.9984707 0.05490633 113.1236 0.999965 0.006724944 -0.005002141 -27.39797 0 0 0 1
26 1 -0.005363703 0.05487218 -0.9984791 -2.652728 -0.006440243 0.9984707 0.05490633 113.1236 0.999965 0.006724944 -0.005002141 -27.39797 0 0 0 1
27 0 -0.004841805 0.05264487 -0.9986017 -2.692482 -0.00521826 0.9985983 0.05267 113.1067 0.9999747 0.005465973 -0.004560232 -28.62405 0 0 0 1
27 1 -0.004841805 0.05264487 -0.9986017 -3.225206 -0.00521826 0.9985983 0.05267 113.1067 0.9999747 0.005465973 -0.004560232 -28.62405 0 0 0 1
28 0 -0.004378557 0.04939844 -0.9987695 -3.349687 -0.007448658 0.9987498 0.04943012 113.1818 0.9999627 0.007655928 -0.004005075 -29.36493 0 0 0 1
28 1 -0.004378557 0.04939844 -0.9987695 -3.882412 -0.007448658 0.9987498 0.04943012 113.1818 0.9999627 0.007655928 -0.004005075 -29.36493 0 0 0 1
29 0 -0.004182935 0.04757879 -0.9988587 -3.884708 -0.009520536 0.9988203 0.04761682 113.2611 0.9999459 0.00970885 -0.003724933 -30.13872 0 0 0 1
29 1 -0.004182935 0.04757879 -0.9988587 -4.417433 -0.009520536 0.9988203 0.04761682 113.2611 0.9999459 0.00970885 -0.003724933 -30.13872 0 0 0 1
30 0 -0.003256798 0.0452944 -0.9989684 -4.471966 -0.009472018 0.9989275 0.04532343 113.2743 0.9999499 0.009609852 -0.002824187 -31.24408 0 0 0 1
30 1 -0.003256798 0.0452944 -0.9989684 -5.00469 -0.009472018 0.9989275 0.04532343 113.2743 0.9999499 0.009609852 -0.002824187 -31.24408 0 0 0 1
31 0 -0.002409458 0.04552355 -0.9989604 -4.743834 -0.008559056 0.9989257 0.04554262 113.2677 0.9999605 0.008659892 -0.00201726 -32.34218 0 0 0 1
31 1 -0.002409458 0.04552355 -0.9989604 -5.27656 -0.008559056 0.9989257 0.04554262 113.2677 0.9999605 0.008659892 -0.00201726 -32.34219 0 0 0 1
32 0 -0.001253605 0.04561049 -0.9989585 -5.078773 -0.008530587 0.9989225 0.04561955 113.2906 0.9999629 0.008578891 -0.0008631945 -33.43869 0 0 0 1
32 1 -0.001253605 0.04561049 -0.9989585 -5.611499 -0.008530587 0.9989225 0.04561955 113.2906 0.9999629 0.008578891 -0.0008631945 -33.43869 0 0 0 1
33 0 -0.0005390644 0.04587495 -0.9989471 -5.384069 -0.009178806 0.9989049 0.04587797 113.3372 0.9999578 0.009193869 -0.0001174212 -34.37634 0 0 0 1
33 1 -0.0005390644 0.04587495 -0.9989471 -5.916794 -0.009178806 0.9989049 0.04587797 113.3372 0.9999578 0.009193869 -0.0001174212 -34.37634 0 0 0 1
34 0 6.085634E-05 0.04590789 -0.9989457 -5.702476 -0.009277442 0.9989027 0.04590535 113.364 0.999957 0.009264866 0.0004866719 -35.37637 0 0 0 1
34 1 6.085634E-05 0.04590789 -0.9989457 -6.235201 -0.009277442 0.9989027 0.04590535 113.3639 0.999957 0.009264866 0.0004866719 -35.37637 0 0 0 1
35 0 -0.0002661943 0.04519964 -0.998978 -6.103845 -0.009303348 0.9989346 0.04520016 113.3863 0.9999567 0.009305866 0.0001546144 -36.49676 0 0 0 1
35 1 -0.0002661943 0.04519964 -0.998978 -6.63657 -0.009303348 0.9989346 0.04520016 113.3863 0.9999567 0.009305866 0.0001546144 -36.49676 0 0 0 1
36 0 -0.001540065 0.04427914 -0.9990181 -6.460244 -0.01029672 0.9989656 0.04429269 113.4408 0.9999459 0.01035482 -0.00108254 -37.41051 0 0 0 1
36 1 -0.001540065 0.04427914 -0.9990181 -6.992969 -0.01029672 0.9989656 0.04429269 113.4408 0.9999459 0.01035482 -0.00108254 -37.41051 0 0 0 1
37 0 -0.003396153 0.04377093 -0.999036 -6.747263 -0.01173126 0.9989711 0.04380797 113.5165 0.9999256 0.01186872 -0.002879143 -38.28039 0 0 0 1
37 1 -0.003396153 0.04377093 -0.999036 -7.279988 -0.01173126 0.9989711 0.04380797 113.5165 0.9999256 0.01186872 -0.002879143 -38.28039 0 0 0 1
38 0 -0.005786657 0.04288583 -0.9990633 -7.083893 -0.01161206 0.9990097 0.04295079 113.5335 0.9999158 0.01184972 -0.005282998 -39.4324 0 0 0 1
38 1 -0.005786657 0.04288583 -0.9990633 -7.616617 -0.01161206 0.9990097 0.04295079 113.5335 0.9999158 0.01184972 -0.005282998 -39.4324 0 0 0 1
39 0 -0.008304238 0.04345677 -0.9990209 -7.212619 -0.01047146 0.9989967 0.04354276 113.5167 0.9999108 0.01082279 -0.007840872 -40.59217 0 0 0 1
39 1 -0.008304238 0.04345677 -0.9990209 -7.745344 -0.01047146 0.9989967 0.04354276 113.5167 0.9999108 0.01082279 -0.007840872 -40.59217 0 0 0 1
40 0 -0.01062858 0.04538906 -0.9989129 -7.191368 -0.009678833 0.9989178 0.04549227 113.5228 0.9998968 0.01015183 -0.01017773 -41.71865 0 0 0 1
40 1 -0.01062858 0.04538906 -0.9989129 -7.724092 -0.009678833 0.9989178 0.04549227 113.5228 0.9998968 0.01015183 -0.01017773 -41.71866 0 0 0 1
41 0 -0.01337016 0.04633967 -0.9988363 -7.291795 -0.01024329 0.9988668 0.0464782 113.5813 0.9998582 0.01085279 -0.01288033 -42.8126 0 0 0 1
41 1 -0.01337016 0.04633967 -0.9988363 -7.82452 -0.01024329 0.9988668 0.0464782 113.5813 0.9998582 0.01085279 -0.01288033 -42.8126 0 0 0 1
42 0 -0.01586688 0.04781533 -0.9987302 -7.340368 -0.01123043 0.9987844 0.04799634 113.663 0.9998111 0.01197771 -0.01531065 -43.73906 0 0 0 1
42 1 -0.01586688 0.04781533 -0.9987302 -7.873093 -0.01123043 0.9987844 0.04799634 113.663 0.9998111 0.01197771 -0.01531065 -43.73907 0 0 0 1
43 0 -0.01819456 0.04889699 -0.9986382 -7.435205 -0.0110914 0.9987321 0.04910368 113.694 0.999773 0.01196971 -0.01762915 -44.80204 0 0 0 1
43 1 -0.01819456 0.04889699 -0.9986382 -7.967929 -0.0110914 0.9987321 0.04910368 113.694 0.999773 0.01196971 -0.01762915 -44.80204 0 0 0 1
44 0 -0.02057123 0.04886167 -0.9985937 -7.687269 -0.009820141 0.998747 0.04907147 113.6668 0.9997401 0.01081579 -0.02006567 -46.11 0 0 0 1
44 1 -0.02057123 0.04886167 -0.9985937 -8.219995 -0.009820141 0.998747 0.04907147 113.6668 0.9997401 0.01081579 -0.02006567 -46.11 0 0 0 1
45 0 -0.02249002 0.05137765 -0.998426 -7.632977 -0.009142861 0.9986263 0.0515939 113.6844 0.9997052 0.01028882 -0.02198935 -47.2441 0 0 0 1
45 1 -0.02249002 0.05137765 -0.998426 -8.165701 -0.009142861 0.9986263 0.0515939 113.6844 0.9997052 0.01028882 -0.02198935 -47.2441 0 0 0 1
46 0 -0.0238483 0.05159622 -0.9983832 -7.865149 -0.009289766 0.9986127 0.05182999 113.7211 0.9996724 0.01051081 -0.02333593 -48.28856 0 0 0 1
46 1 -0.0238483 0.05159622 -0.9983832 -8.397872 -0.009289766 0.9986127 0.05182999 113.7211 0.9996724 0.01051081 -0.02333593 -48.28856 0 0 0 1
47 0 -0.02572727 0.05584427 -0.9981079 -7.650794 -0.01001896 0.9983739 0.0561174 113.8273 0.9996187 0.01144375 -0.02512586 -49.36579 0 0 0 1
47 1 -0.02572727 0.05584427 -0.9981079 -8.183518 -0.01001896 0.9983739 0.0561174 113.8273 0.9996187 0.01144375 -0.02512586 -49.3658 0 0 0 1
48 0 -0.02658868 0.05750806 -0.9979909 -7.737413 -0.009035032 0.9982893 0.05776596 113.823 0.9996056 0.0105528 -0.02602363 -50.53793 0 0 0 1
48 1 -0.02658868 0.05750806 -0.9979909 -8.270138 -0.009035032 0.9982893 0.05776596 113.823 0.9996056 0.0105528 -0.02602363 -50.53793 0 0 0 1
49 0 -0.02697611 0.05832491 -0.9979331 -7.939443 -0.004198657 0.998281 0.05845874 113.6091 0.9996274 0.005766964 -0.02668476 -52.14811 0 0 0 1
49 1 -0.02697611 0.05832491 -0.9979331 -8.472168 -0.004198657 0.998281 0.05845874 113.6091 0.9996274 0.005766964 -0.02668476 -52.14811 0 0 0 1
50 0 -0.02762568 0.05911634 -0.9978688 -8.150342 -0.0007893257 0.9982482 0.05916067 113.4607 0.9996181 0.002421999 -0.02753067 -53.70428 0 0 0 1
50 1 -0.02762568 0.05911634 -0.9978688 -8.683066 -0.0007893257 0.9982482 0.05916067 113.4607 0.9996181 0.002421999 -0.02753067 -53.70428 0 0 0 1
51 0 -0.02872324 0.05669304 -0.9979785 -8.670196 -0.002779244 0.9983819 0.05679595 113.5656 0.9995837 0.004404986 -0.02851927 -54.55962 0 0 0 1
51 1 -0.02872324 0.05669304 -0.9979785 -9.202923 -0.002779244 0.9983819 0.05679595 113.5656 0.9995837 0.004404986 -0.02851927 -54.55962 0 0 0 1
52 0 -0.02978778 0.05522017 -0.9980298 -9.079017 -0.00625111 0.998443 0.05542962 113.7644 0.9995368 0.007889919 -0.02939618 -55.24499 0 0 0 1
52 1 -0.02978778 0.05522017 -0.9980298 -9.611742 -0.00625111 0.998443 0.05542962 113.7644 0.9995368 0.007889919 -0.02939618 -55.24499 0 0 0 1
53 0 -0.02987623 0.05568621 -0.9980013 -9.331554 -0.006745975 0.998413 0.05591113 113.8239 0.9995309 0.008402903 -0.02945316 -56.36118 0 0 0 1
53 1 -0.02987623 0.05568621 -0.9980013 -9.86428 -0.006745975 0.998413 0.05591113 113.8239 0.9995309 0.008402903 -0.02945316 -56.36118 0 0 0 1
54 0 -0.02962017 0.05690052 -0.9979405 -9.493157 -0.006135074 0.9983492 0.05710593 113.8273 0.9995425 0.007813921 -0.02922213 -57.4931 0 0 0 1
54 1 -0.02962017 0.05690052 -0.9979405 -10.02588 -0.006135074 0.9983492 0.05710593 113.8273 0.9995425 0.007813921 -0.02922213 -57.4931 0 0 0 1
55 0 -0.02887952 0.059027 -0.9978387 -9.597176 -0.005821316 0.9982281 0.05921853 113.8595 0.999566 0.007518932 -0.0284847 -58.68699 0 0 0 1
55 1 -0.02887952 0.059027 -0.9978387 -10.1299 -0.005821316 0.9982281 0.05921853 113.8595 0.999566 0.007518932 -0.0284847 -58.687 0 0 0 1
56 0 -0.02774787 0.0598823 -0.9978198 -9.854579 -0.006229501 0.9981743 0.06007681 113.9186 0.9995956 0.007882919 -0.02732408 -59.69289 0 0 0 1
56 1 -0.02774787 0.0598823 -0.9978198 -10.3873 -0.006229501 0.9981743 0.06007681 113.9186 0.9995956 0.007882919 -0.02732408 -59.69289 0 0 0 1
57 0 -0.0261941 0.06104574 -0.9977913 -10.10674 -0.007054104 0.9980975 0.06124967 114.008 0.9996321 0.008642891 -0.02571356 -60.64729 0 0 0 1
57 1 -0.0261941 0.06104574 -0.9977913 -10.63947 -0.007054104 0.9980975 0.06124967 114.008 0.9996321 0.008642891 -0.02571356 -60.64729 0 0 0 1
58 0 -0.02441418 0.05940312 -0.9979355 -10.6918 -0.006512811 0.9982024 0.05957834 113.9813 0.9996807 0.007953918 -0.02398336 -61.76442 0 0 0 1
58 1 -0.02441418 0.05940312 -0.9979355 -11.22452 -0.006512811 0.9982024 0.05957834 113.9813 0.9996807 0.007953918 -0.02398336 -61.76442 0 0 0 1
59 0 -0.02259862 0.05857592 -0.9980272 -11.23101 -0.005895514 0.9982569 0.0587229 113.9607 0.9997272 0.007210936 -0.02221382 -62.99051 0 0 0 1
59 1 -0.02259862 0.05857592 -0.9980272 -11.76373 -0.005895514 0.9982569 0.0587229 113.9607 0.9997272 0.007210936 -0.02221382 -62.99051 0 0 0 1
60 0 -0.0212332 0.05629507 -0.9981884 -11.87615 -0.007544605 0.998376 0.05646614 114.0613 0.9997461 0.008729886 -0.02077389 -63.86172 0 0 0 1
60 1 -0.0212332 0.05629507 -0.9981884 -12.40887 -0.007544605 0.998376 0.05646614 114.0613 0.9997461 0.008729886 -0.02077389 -63.86172 0 0 0 1
61 0 -0.01973557 0.05367317 -0.9983636 -12.56975 -0.009556305 0.9985023 0.05386954 114.1816 0.9997597 0.0106038 -0.01919317 -64.68787 0 0 0 1
61 1 -0.01973557 0.05367317 -0.9983636 -13.10247 -0.009556305 0.9985023 0.05386954 114.1816 0.9997597 0.0106038 -0.01919317 -64.68787 0 0 0 1
62 0 -0.0177542 0.05074851 -0.9985537 -13.35122 -0.009377334 0.9986587 0.05092058 114.157 0.9997985 0.01026782 -0.01725447 -65.87241 0 0 0 1
62 1 -0.0177542 0.05074851 -0.9985537 -13.88395 -0.009377334 0.9986587 0.05092058 114.157 0.9997985 0.01026782 -0.01725447 -65.87241 0 0 0 1
63 0 -0.01573145 0.04806288 -0.9987205 -14.09024 -0.007397376 0.9988111 0.04818377 114.0098 0.999849 0.008145912 -0.01535726 -67.15066 0 0 0 1
63 1 -0.01573145 0.04806288 -0.9987205 -14.62297 -0.007397376 0.9988111 0.04818377 114.0098 0.999849 0.008145912 -0.01535726 -67.15066 0 0 0 1
64 0 -0.01388681 0.04634637 -0.9988289 -14.71057 -0.005999168 0.9989034 0.04643323 113.9104 0.9998856 0.006636953 -0.01359344 -68.36155 0 0 0 1
64 1 -0.01388681 0.04634637 -0.9988289 -15.24329 -0.005999168 0.9989034 0.04643323 113.9104 0.9998856 0.006636953 -0.01359344 -68.36154 0 0 0 1
65 0 -0.0119462 0.0444275 -0.9989412 -15.39254 -0.005745456 0.9989929 0.04449851 113.8847 0.9999122 0.006270958 -0.01167893 -69.55093 0 0 0 1
65 1 -0.0119462 0.0444275 -0.9989412 -15.92526 -0.005745456 0.9989929 0.04449851 113.8847 0.9999122 0.006270958 -0.01167893 -69.55093 0 0 0 1
66 0 -0.009997249 0.04273746 -0.9990364 -16.02129 -0.004538625 0.999074 0.04278449 113.7911 0.9999397 0.004961979 -0.009793997 -70.73934 0 0 0 1
66 1 -0.009997249 0.04273746 -0.9990364 -16.55401 -0.004538625 0.999074 0.04278449 113.7911 0.9999397 0.004961979 -0.009793997 -70.73935 0 0 0 1
67 0 -0.008472085 0.04255079 -0.9990585 -16.45005 -0.003764763 0.9990858 0.04258388 113.7503 0.9999571 0.004121987 -0.008304119 -71.88314 0 0 0 1
67 1 -0.008472085 0.04255079 -0.9990585 -16.98278 -0.003764763 0.9990858 0.04258388 113.7503 0.9999571 0.004121987 -0.008304119 -71.88313 0 0 0 1
68 0 -0.006843448 0.04214893 -0.9990879 -16.93799 -0.004985843 0.9990975 0.04218348 113.8509 0.9999642 0.005269973 -0.006627083 -72.90172 0 0 0 1
68 1 -0.006843448 0.04214893 -0.9990879 -17.47071 -0.004985843 0.9990975 0.04218348 113.8509 0.9999642 0.005269973 -0.006627083 -72.90172 0 0 0 1
69 0 -0.005438209 0.04159786 -0.9991198 -17.38928 -0.007169826 0.9991071 0.04163636 114.0199 0.9999596 0.007389937 -0.005135179 -73.70936 0 0 0 1
69 1 -0.005438209 0.04159786 -0.9991198 -17.922 -0.007169826 0.9991071 0.04163636 114.0199 0.9999596 0.007389937 -0.005135179 -73.70936 0 0 0 1
70 0 -0.00396812 0.04161951 -0.9991257 -17.78547 -0.00825184 0.9990981 0.04165113 114.1209 0.9999581 0.008409899 -0.003621101 -74.63945 0 0 0 1
70 1 -0.00396812 0.04161951 -0.9991257 -18.3182 -0.00825184 0.9990981 0.04165113 114.1208 0.9999581 0.008409899 -0.003621101 -74.63945 0 0 0 1
71 0 -0.00223124 0.04114783 -0.9991506 -18.28521 -0.008580333 0.9991155 0.04116555 114.1598 0.9999607 0.008664893 -0.001876235 -75.75966 0 0 0 1
71 1 -0.00223124 0.04114783 -0.9991506 -18.81793 -0.008580333 0.9991155 0.04116555 114.1598 0.9999607 0.008664893 -0.001876235 -75.75966 0 0 0 1
72 0 -0.000923872 0.04139372 -0.9991425 -18.65042 -0.008350819 0.9991078 0.0414 114.168 0.9999647 0.008381903 -0.0005773306 -76.84377 0 0 0 1
72 1 -0.000923872 0.04139372 -0.9991425 -19.18314 -0.008350819 0.9991078 0.0414 114.168 0.9999647 0.008381903 -0.0005773306 -76.84377 0 0 0 1
73 0 0.0008087754 0.04136332 -0.9991439 -19.10612 -0.009564489 0.9990988 0.04135371 114.2848 0.999954 0.009522855 0.001203656 -77.8667 0 0 0 1
73 1 0.0008087754 0.04136332 -0.9991439 -19.63884 -0.009564489 0.9990988 0.04135371 114.2848 0.999954 0.009522855 0.001203656 -77.8667 0 0 0 1
74 0 0.002291381 0.04227049 -0.9991037 -19.41729 -0.01185816 0.9990371 0.04224048 114.5054 0.9999272 0.01175073 0.002790451 -78.66248 0 0 0 1
74 1 0.002291381 0.04227049 -0.9991037 -19.95001 -0.01185816 0.9990371 0.04224048 114.5054 0.9999272 0.01175073 0.002790451 -78.66248 0 0 0 1
75 0 0.004011393 0.04425467 -0.9990122 -19.63296 -0.01340315 0.9989329 0.04419734 114.6921 0.9999021 0.01321262 0.004600227 -79.53711 0 0 0 1
75 1 0.004011393 0.04425467 -0.9990122 -20.16568 -0.01340315 0.9989329 0.04419734 114.6921 0.9999021 0.01321262 0.004600227 -79.53711 0 0 0 1
76 0 0.006094575 0.04557296 -0.9989424 -19.99191 -0.01394153 0.9988678 0.0454845 114.7916 0.9998843 0.01364958 0.006723046 -80.62565 0 0 0 1
76 1 0.006094575 0.04557296 -0.9989424 -20.52464 -0.01394153 0.9988678 0.0454845 114.7916 0.9998843 0.01364958 0.006723046 -80.62565 0 0 0 1
77 0 0.007984519 0.04630363 -0.9988956 -20.37245 -0.01320709 0.9988451 0.04619572 114.7743 0.999881 0.01282365 0.008586884 -81.7571 0 0 0 1
77 1 0.007984519 0.04630363 -0.9988956 -20.90517 -0.01320709 0.9988451 0.04619572 114.7743 0.999881 0.01282365 0.008586884 -81.75711 0 0 0 1
78 0 0.009797454 0.04560427 -0.9989116 -20.91518 -0.01175823 0.9988956 0.04548821 114.668 0.9998829 0.01129976 0.01032287 -82.97144 0 0 0 1
78 1 0.009797454 0.04560427 -0.9989116 -21.4479 -0.01175823 0.9988956 0.04548821 114.668 0.9998829 0.01129976 0.01032287 -82.97144 0 0 0 1
79 0 0.01168764 0.0455167 -0.9988952 -21.4318 -0.01115959 0.9989071 0.04538667 114.6447 0.9998693 0.0106168 0.01218277 -84.19965 0 0 0 1
79 1 0.01168764 0.0455167 -0.9988952 -21.96453 -0.01115959 0.9989071 0.04538667 114.6447 0.9998693 0.0106168 0.01218277 -84.19965 0 0 0 1
80 0 0.01295829 0.04450953 -0.9989249 -21.97499 -0.01172418 0.9989469 0.04435842 114.6977 0.9998474 0.01113677 0.01346648 -85.19891 0 0 0 1
80 1 0.01295829 0.04450953 -0.9989249 -22.50771 -0.01172418 0.9989469 0.04435842 114.6977 0.9998474 0.01113677 0.01346648 -85.19891 0 0 0 1
81 0 0.01361263 0.04361572 -0.9989557 -22.44999 -0.01117516 0.9989924 0.04346505 114.6574 0.999845 0.01057181 0.01408637 -86.33852 0 0 0 1
81 1 0.01361263 0.04361572 -0.9989557 -22.98271 -0.01117516 0.9989924 0.04346505 114.6575 0.999845 0.01057181 0.01408637 -86.33853 0 0 0 1
82 0 0.01385885 0.04445802 -0.9989152 -22.72619 -0.01081765 0.9989592 0.04430991 114.6723 0.9998455 0.01019182 0.01432538 -87.57539 0 0 0 1
82 1 0.01385885 0.04445802 -0.9989152 -23.25892 -0.01081765 0.9989592 0.04430991 114.6723 0.9998455 0.01019182 0.01432538 -87.57539 0 0 0 1
83 0 0.01398748 0.04612778 -0.9988376 -22.85831 -0.01176437 0.9988738 0.04596471 114.8173 0.999833 0.01110777 0.01451439 -88.55218 0 0 0 1
83 1 0.01398748 0.04612778 -0.9988376 -23.39103 -0.01176437 0.9988738 0.04596471 114.8173 0.999833 0.01110777 0.01451439 -88.55219 0 0 0 1
84 0 0.01374698 0.04883218 -0.9987125 -22.84068 -0.01246173 0.9987376 0.04866188 114.9653 0.999828 0.01177672 0.01433814 -89.56516 0 0 0 1
84 1 0.01374698 0.04883218 -0.9987125 -23.37341 -0.01246173 0.9987376 0.04866188 114.9653 0.999828 0.01177672 0.01433814 -89.56516 0 0 0 1
85 0 0.01331896 0.05116393 -0.9986016 -22.87961 -0.01275575 0.9986175 0.05099462 115.0738 0.99983 0.01205871 0.01395321 -90.73263 0 0 0 1
85 1 0.01331896 0.05116393 -0.9986016 -23.41233 -0.01275575 0.9986175 0.05099462 115.0738 0.99983 0.01205871 0.01395321 -90.73263 0 0 0 1
86 0 0.01199228 0.05351853 -0.9984949 -22.80148 -0.01272484 0.998494 0.05336565 115.1519 0.9998472 0.01206571 0.01265526 -91.84869 0 0 0 1
86 1 0.01199228 0.05351853 -0.9984949 -23.33421 -0.01272484 0.998494 0.05336565 115.1519 0.9998472 0.01206571 0.01265526 -91.84869 0 0 0 1
87 0 0.01011461 0.05494273 -0.9984383 -22.77427 -0.01350606 0.9984058 0.05480412 115.2861 0.9998576 0.01293065 0.01084054 -92.88017 0 0 0 1
87 1 0.01011461 0.05494273 -0.9984383 -23.307 -0.01350606 0.9984058 0.05480412 115.2861 0.9998576 0.01293065 0.01084054 -92.88017 0 0 0 1
88 0 0.00775224 0.05475879 -0.9984696 -22.90992 -0.0122312 0.99843 0.05466165 115.1966 0.9998952 0.01178873 0.008409798 -94.26329 0 0 0 1
88 1 0.00775224 0.05475879 -0.9984696 -23.44264 -0.0122312 0.99843 0.05466165 115.1966 0.9998952 0.01178873 0.008409798 -94.26328 0 0 0 1
89 0 0.005246401 0.05654989 -0.998386 -22.77373 -0.01049915 0.9983478 0.05649255 115.1017 0.9999311 0.01018582 0.00583142 -95.59109 0 0 0 1
89 1 0.005246401 0.05654989 -0.998386 -23.30646 -0.01049915 0.9983478 0.05649255 115.1017 0.9999311 0.01018582 0.00583142 -95.59109 0 0 0 1
90 0 0.002826989 0.05707402 -0.998366 -22.8169 -0.008431967 0.9983358 0.05704842 114.945 0.9999605 0.008256909 0.003303528 -97.05975 0 0 0 1
90 1 0.002826989 0.05707402 -0.998366 -23.34962 -0.008431967 0.9983358 0.05704842 114.945 0.9999605 0.008256909 0.003303528 -97.05975 0 0 0 1
91 0 0.0003113151 0.05635941 -0.9984106 -22.95703 -0.005071592 0.9983978 0.05635711 114.6249 0.9999871 0.005045978 0.0005966425 -98.56912 0 0 0 1
91 1 0.0003113151 0.05635941 -0.9984106 -23.48975 -0.005071592 0.9983978 0.05635711 114.6249 0.9999871 0.005045978 0.0005966425 -98.56912 0 0 0 1
92 0 -0.002073407 0.05666714 -0.998391 -22.99292 -0.00402195 0.9983846 0.05667513 114.5505 0.9999898 0.00413299 -0.001842141 -99.81245 0 0 0 1
92 1 -0.002073407 0.05666714 -0.998391 -23.52564 -0.00402195 0.9983846 0.05667513 114.5505 0.9999898 0.00413299 -0.001842141 -99.81245 0 0 0 1
93 0 -0.0045681 0.056236 -0.9984072 -23.12908 -0.006619478 0.9983939 0.05626554 114.8268 0.9999678 0.006865948 -0.004188418 -100.7481 0 0 0 1
93 1 -0.0045681 0.056236 -0.9984072 -23.6618 -0.006619478 0.9983939 0.05626554 114.8268 0.9999678 0.006865948 -0.004188418 -100.7481 0 0 0 1
94 0 -0.006632924 0.05491886 -0.9984689 -23.37373 -0.00918426 0.9984453 0.05497858 115.081 0.9999359 0.009534854 -0.006118178 -101.5695 0 0 0 1
94 1 -0.006632924 0.05491886 -0.9984689 -23.90646 -0.00918426 0.9984453 0.05497858 115.081 0.9999359 0.009534854 -0.006118178 -101.5695 0 0 0 1
95 0 -0.00808394 0.05564157 -0.998418 -23.44634 -0.009366252 0.9984027 0.05571655 115.1447 0.9999234 0.009801844 -0.007549882 -102.6475 0 0 0 1
95 1 -0.00808394 0.05564157 -0.998418 -23.97906 -0.009366252 0.9984027 0.05571655 115.1447 0.9999234 0.009801844 -0.007549882 -102.6475 0 0 0 1
96 0 -0.008890748 0.05628584 -0.9983752 -23.61157 -0.008730948 0.9983721 0.05636343 115.1243 0.9999225 0.009217866 -0.008384824 -103.9137 0 0 0 1
96 1 -0.008890748 0.05628584 -0.9983752 -24.14429 -0.008730948 0.9983721 0.05636343 115.1243 0.9999225 0.009217866 -0.008384824 -103.9137 0 0 0 1
97 0 -0.008821607 0.057652 -0.9982978 -23.75574 -0.007872097 0.9983017 0.05772179 115.0943 0.9999301 0.008367896 -0.008352757 -105.0774 0 0 0 1
97 1 -0.008821607 0.057652 -0.9982978 -24.28847 -0.007872097 0.9983017 0.05772179 115.0943 0.9999301 0.008367896 -0.008352757 -105.0774 0 0 0 1
98 0 -0.008142114 0.05727948 -0.998325 -24.15228 -0.008213732 0.9983206 0.05734621 115.1463 0.9999332 0.008666892 -0.007657886 -106.0973 0 0 0 1
98 1 -0.008142114 0.05727948 -0.998325 -24.68501 -0.008213732 0.9983206 0.05734621 115.1464 0.9999332 0.008666892 -0.007657886 -106.0973 0 0 0 1
99 0 -0.007394433 0.05713153 -0.9983393 -24.56864 -0.008649323 0.9983256 0.0571948 115.2177 0.9999353 0.009057878 -0.006887913 -107.2114 0 0 0 1
99 1 -0.007394433 0.05713153 -0.9983393 -25.10136 -0.008649323 0.9983256 0.0571948 115.2177 0.9999353 0.009057878 -0.006887913 -107.2114 0 0 0 1
100 0 -0.006637573 0.05494903 -0.9984671 -25.18255 -0.008753192 0.9984477 0.05500615 115.1983 0.9999397 0.009104874 -0.006146193 -108.2642 0 0 0 1
100 1 -0.006637573 0.05494903 -0.9984671 -25.71527 -0.008753192 0.9984477 0.05500615 115.1983 0.9999397 0.009104874 -0.006146193 -108.2642 0 0 0 1
101 0 -0.006208777 0.05413839 -0.9985142 -25.6104 -0.00854012 0.9984941 0.0541904 115.1793 0.9999443 0.008863883 -0.005737066 -109.3574 0 0 0 1
101 1 -0.006208777 0.05413839 -0.9985142 -26.14312 -0.00854012 0.9984941 0.0541904 115.1793 0.9999443 0.008863883 -0.005737066 -109.3574 0 0 0 1
102 0 -0.005433083 0.05045967 -0.9987115 -26.42995 -0.008399328 0.9986885 0.05050421 115.0922 0.9999501 0.008662893 -0.005002141 -110.546 0 0 0 1
102 1 -0.005433083 0.05045967 -0.9987115 -26.96268 -0.008399328 0.9986885 0.05050421 115.0922 0.9999501 0.008662893 -0.005002141 -110.546 0 0 0 1
103 0 -0.004798293 0.04882386 -0.9987959 -26.97754 -0.008156275 0.9987723 0.04886189 115.044 0.9999552 0.008380903 -0.004394174 -111.6352 0 0 0 1
103 1 -0.004798293 0.04882386 -0.9987959 -27.51027 -0.008156275 0.9987723 0.04886189 115.044 0.9999552 0.008380903 -0.004394174 -111.6352 0 0 0 1
104 0 -0.004189491 0.04706587 -0.9988831 -27.54064 -0.008405967 0.9988548 0.04709979 115.0462 0.999956 0.008593896 -0.003789067 -112.6684 0 0 0 1
104 1 -0.004189491 0.04706587 -0.9988831 -28.07336 -0.008405967 0.9988548 0.04709979 115.0462 0.999956 0.008593896 -0.003789067 -112.6684 0 0 0 1
105 0 -0.003652692 0.04441249 -0.9990067 -28.22399 -0.009091564 0.9989705 0.04444413 115.0737 0.9999521 0.009244869 -0.003245234 -113.7607 0 0 0 1
105 1 -0.003652692 0.04441249 -0.9990067 -28.75671 -0.009091564 0.9989705 0.04444413 115.0737 0.9999521 0.009244869 -0.003245234 -113.7607 0 0 0 1
106 0 -0.00345552 0.04203859 -0.99911 -28.80246 -0.009666072 0.9990679 0.04207025 115.093 0.9999474 0.009802844 -0.003046036 -114.7569 0 0 0 1
106 1 -0.00345552 0.04203859 -0.99911 -29.33518 -0.009666072 0.9990679 0.04207025 115.093 0.9999474 0.009802844 -0.003046036 -114.7569 0 0 0 1
107 0 -0.00341475 0.04047119 -0.9991749 -29.26768 -0.009184146 0.9991373 0.04050105 115.0131 0.999952 0.009314867 -0.003040075 -115.8745 0 0 0 1
107 1 -0.00341475 0.04047119 -0.9991749 -29.80041 -0.009184146 0.9991373 0.04050105 115.0131 0.999952 0.009314867 -0.003040075 -115.8745 0 0 0 1
108 0 -0.003427863 0.0370012 -0.9993094 -29.97531 -0.008414773 0.9992788 0.03702893 114.8418 0.9999587 0.008535893 -0.003114104 -117.1314 0 0 0 1
108 1 -0.003427863 0.0370012 -0.9993094 -30.50803 -0.008414773 0.9992788 0.03702893 114.8418 0.9999587 0.008535893 -0.003114104 -117.1314 0 0 0 1
109 0 -0.003305793 0.03516474 -0.9993762 -30.48193 -0.007461262 0.9993528 0.0351886 114.692 0.9999669 0.007572928 -0.003041267 -118.2977 0 0 0 1
109 1 -0.003305793 0.03516474 -0.9993762 -31.01465 -0.007461262 0.9993528 0.0351886 114.692 0.9999669 0.007572928 -0.003041267 -118.2977 0 0 0 1
110 0 -0.003290296 0.0346673 -0.9993935 -30.82107 -0.006466739 0.9993773 0.03468803 114.5756 0.9999737 0.006576952 -0.003064036 -119.4681 0 0 0 1
110 1 -0.003290296 0.0346673 -0.9993935 -31.35379 -0.006466739 0.9993773 0.03468803 114.5756 0.9999737 0.006576952 -0.003064036 -119.4681 0 0 0 1
111 0 -0.003316998 0.03338381 -0.999437 -31.26534 -0.007575375 0.9994131 0.03340815 114.6868 0.9999657 0.007681924 -0.003062129 -120.5034 0 0 0 1
111 1 -0.003316998 0.03338381 -0.999437 -31.79806 -0.007575375 0.9994131 0.03340815 114.6868 0.9999657 0.007681924 -0.003062129 -120.5033 0 0 0 1
112 0 -0.003247261 0.03252791 -0.9994655 -31.64994 -0.009018973 0.9994292 0.03255603 114.8521 0.999954 0.009119874 -0.002952099 -121.3873 0 0 0 1
112 1 -0.003247261 0.03252791 -0.9994655 -32.18267 -0.009018973 0.9994292 0.03255603 114.8521 0.999954 0.009119874 -0.002952099 -121.3873 0 0 0 1
113 0 -0.003589511 0.03164407 -0.9994928 -31.98794 -0.01009424 0.9994471 0.03167887 114.9738 0.9999427 0.01020282 -0.003268123 -122.3223 0 0 0 1
113 1 -0.003589511 0.03164407 -0.9994928 -32.52067 -0.01009424 0.9994471 0.03167887 114.9738 0.9999427 0.01020282 -0.003268123 -122.3223 0 0 0 1
114 0 -0.004031897 0.02950354 -0.9995567 -32.45779 -0.008837708 0.9995246 0.02953824 114.7689 0.9999529 0.008952882 -0.003769159 -123.6191 0 0 0 1
114 1 -0.004031897 0.02950354 -0.9995567 -32.99051 -0.008837708 0.9995246 0.02953824 114.7689 0.9999529 0.008952882 -0.003769159 -123.6191 0 0 0 1
115 0 -0.004441023 0.02787142 -0.9996016 -32.85578 -0.008214238 0.9995767 0.02790722 114.6539 0.9999564 0.008334903 -0.004210234 -124.7373 0 0 0 1
115 1 -0.004441023 0.02787142 -0.9996016 -33.38851 -0.008214238 0.9995767 0.02790722 114.6539 0.9999564 0.008334903 -0.004210234 -124.7373 0 0 0 1
116 0 -0.00502634 0.02737843 -0.9996126 -33.12645 -0.009019537 0.9995832 0.02742298 114.7563 0.9999468 0.009153874 -0.004777312 -125.7957 0 0 0 1
116 1 -0.00502634 0.02737843 -0.9996126 -33.65918 -0.009019537 0.9995832 0.02742298 114.7563 0.9999468 0.009153874 -0.004777312 -125.7957 0 0 0 1
117 0 -0.005588889 0.02708418 -0.9996177 -33.35622 -0.0103951 0.9995776 0.02714122 114.9375 0.9999305 0.01054281 -0.005304933 -126.6774 0 0 0 1
117 1 -0.005588889 0.02708418 -0.9996177 -33.88894 -0.0103951 0.9995776 0.02714122 114.9375 0.9999305 0.01054281 -0.005304933 -126.6774 0 0 0 1
118 0 -0.006116152 0.02821697 -0.9995831 -33.41445 -0.01256185 0.9995208 0.02829207 115.2707 0.9999024 0.01272966 -0.005758762 -127.4649 0 0 0 1
118 1 -0.006116152 0.02821697 -0.9995831 -33.94717 -0.01256185 0.9995208 0.02829207 115.2707 0.9999024 0.01272966 -0.005758762 -127.4649 0 0 0 1
119 0 -0.00641942 0.03108542 -0.999496 -33.34676 -0.01496281 0.9994018 0.03117859 115.7005 0.9998674 0.01515542 -0.005950451 -128.3165 0 0 0 1
119 1 -0.00641942 0.03108542 -0.999496 -33.87949 -0.01496281 0.9994018 0.03117859 115.7005 0.9998674 0.01515542 -0.005950451 -128.3165 0 0 0 1
120 0 -0.006659508 0.03206905 -0.9994635 -33.44627 -0.01446705 0.999378 0.0321627 115.6934 0.9998732 0.01467347 -0.006191492 -129.4049 0 0 0 1
120 1 -0.006659508 0.03206905 -0.9994635 -33.97899 -0.01446705 0.999378 0.0321627 115.6934 0.9998732 0.01467347 -0.006191492 -129.405 0 0 0 1
121 0 -0.006666541 0.03360593 -0.9994129 -33.52499 -0.01254144 0.9993537 0.0336876 115.5181 0.9998991 0.01275866 -0.006240726 -130.6415 0 0 0 1
121 1 -0.006666541 0.03360593 -0.9994129 -34.05772 -0.01254144 0.9993537 0.0336876 115.5181 0.9998991 0.01275866 -0.006240726 -130.6415 0 0 0 1
122 0 -0.006911874 0.03532301 -0.999352 -33.57397 -0.01198375 0.9993013 0.0354041 115.5277 0.9999043 0.01222069 -0.006483674 -131.8276 0 0 0 1
122 1 -0.006911874 0.03532301 -0.999352 -34.10669 -0.01198375 0.9993013 0.0354041 115.5277 0.9999043 0.01222069 -0.006483674 -131.8276 0 0 0 1
123 0 -0.007541418 0.03699027 -0.9992872 -33.55961 -0.01494329 0.9991998 0.03709982 116.0001 0.9998599 0.01521241 -0.006982565 -132.5168 0 0 0 1
123 1 -0.007541418 0.03699027 -0.9992872 -34.09233 -0.01494329 0.9991998 0.03709982 116.0001 0.9998599 0.01521241 -0.006982565 -132.5168 0 0 0 1
124 0 -0.007800579 0.03577792 -0.9993294 -33.92363 -0.01717053 0.9992076 0.03590759 116.2801 0.9998222 0.01743912 -0.007180095 -133.276 0 0 0 1
124 1 -0.007800579 0.03577792 -0.9993294 -34.45636 -0.01717053 0.9992076 0.03590759 116.2801 0.9998222 0.01743912 -0.007180095 -133.276 0 0 0 1
125 0 -0.007570982 0.03866234 -0.9992236 -33.91386 -0.01583 0.9991224 0.03877837 116.2305 0.999846 0.0161113 -0.006952286 -134.5233 0 0 0 1
125 1 -0.007570982 0.03866234 -0.9992236 -34.44659 -0.01583 0.9991224 0.03877837 116.2305 0.999846 0.0161113 -0.006952286 -134.5233 0 0 0 1
126 0 -0.007208109 0.03931111 -0.999201 -34.15715 -0.01527445 0.999106 0.03941756 116.2044 0.9998574 0.01554637 -0.006601214 -135.5806 0 0 0 1
126 1 -0.007208109 0.03931111 -0.999201 -34.68988 -0.01527445 0.999106 0.03941756 116.2044 0.9998574 0.01554637 -0.006601214 -135.5806 0 0 0 1
127 0 -0.007450104 0.03963643 -0.9991865 -34.3501 -0.01589308 0.9990832 0.03975084 116.3266 0.999846 0.0161763 -0.006813288 -136.5223 0 0 0 1
127 1 -0.007450104 0.03963643 -0.9991865 -34.88282 -0.01589308 0.9990832 0.03975084 116.3266 0.999846 0.0161763 -0.006813288 -136.5223 0 0 0 1
128 0 -0.007785916 0.04047461 -0.9991502 -34.50056 -0.0173757 0.9990242 0.0406049 116.59 0.9998187 0.01767708 -0.007075071 -137.4542 0 0 0 1
128 1 -0.007785916 0.04047461 -0.9991502 -35.03329 -0.0173757 0.9990242 0.0406049 116.59 0.9998187 0.01767708 -0.007075071 -137.4542 0 0 0 1
129 0 -0.008119464 0.04022075 -0.9991579 -34.74749 -0.01885695 0.9990069 0.04036792 116.8145 0.9997894 0.01916883 -0.007352948 -138.2931 0 0 0 1
129 1 -0.008119464 0.04022075 -0.9991579 -35.28022 -0.01885695 0.9990069 0.04036792 116.8145 0.9997894 0.01916883 -0.007352948 -138.2932 0 0 0 1
130 0 -0.008505225 0.04129155 -0.999111 -34.83403 -0.01897816 0.9989604 0.04144688 116.8999 0.9997838 0.0193138 -0.007712722 -139.2809 0 0 0 1
130 1 -0.008505225 0.04129155 -0.999111 -35.36676 -0.01897816 0.9989604 0.04144688 116.8999 0.9997838 0.0193138 -0.007712722 -139.2809 0 0 0 1
131 0 -0.008972883 0.04392253 -0.9989948 -34.7524 -0.01789247 0.9988679 0.04407766 116.8756 0.9997998 0.01826998 -0.008176923 -140.497 0 0 0 1
131 1 -0.008972883 0.04392253 -0.9989948 -35.28512 -0.01789247 0.9988679 0.04407766 116.8756 0.9997998 0.01826998 -0.008176923 -140.497 0 0 0 1
132 0 -0.009482265 0.04680122 -0.9988592 -34.61619 -0.01513853 0.9987829 0.04694136 116.6192 0.9998404 0.01556638 -0.00876224 -141.7948 0 0 0 1
132 1 -0.009482265 0.04680122 -0.9988592 -35.14891 -0.01513853 0.9987829 0.04694136 116.6192 0.9998404 0.01556638 -0.00876224 -141.7948 0 0 0 1
133 0 -0.009890318 0.04847349 -0.9987756 -34.63361 -0.01156133 0.9987521 0.04858684 116.1959 0.9998844 0.01202771 -0.009317517 -143.1796 0 0 0 1
133 1 -0.009890318 0.04847349 -0.9987756 -35.16634 -0.01156133 0.9987521 0.04858684 116.1959 0.9998844 0.01202771 -0.009317517 -143.1796 0 0 0 1
134 0 -0.01038229 0.05196266 -0.9985951 -34.45975 -0.008086884 0.9986119 0.05204761 115.8477 0.9999135 0.008615894 -0.009947658 -144.6421 0 0 0 1
134 1 -0.01038229 0.05196266 -0.9985951 -34.99247 -0.008086884 0.9986119 0.05204761 115.8477 0.9999135 0.008615894 -0.009947658 -144.6421 0 0 0 1
135 0 -0.01060128 0.05211926 -0.9985846 -34.67783 -0.006001221 0.9986194 0.05218478 115.5716 0.9999258 0.006545952 -0.01027381 -145.842 0 0 0 1
135 1 -0.01060128 0.05211926 -0.9985846 -35.21056 -0.006001221 0.9986194 0.05218478 115.5716 0.9999258 0.006545952 -0.01027381 -145.842 0 0 0 1
136 0 -0.01161993 0.05195162 -0.9985819 -34.83762 -0.005528353 0.9986308 0.05201849 115.5183 0.9999172 0.006124962 -0.01131678 -146.9761 0 0 0 1
136 1 -0.01161993 0.05195162 -0.9985819 -35.37034 -0.005528353 0.9986308 0.05201849 115.5183 0.9999172 0.006124962 -0.01131678 -146.9761 0 0 0 1
137 0 -0.01229072 0.05018925 -0.9986641 -35.1972 -0.007495902 0.9987068 0.05028366 115.7633 0.9998963 0.008103913 -0.01189864 -147.721 0 0 0 1
137 1 -0.01229072 0.05018925 -0.9986641 -35.72993 -0.007495902 0.9987068 0.05028366 115.7633 0.9998963 0.008103913 -0.01189864 -147.721 0 0 0 1
138 0 -0.01369166 0.04871856 -0.9987187 -35.41504 -0.01070441 0.9987479 0.04886674 116.206 0.9998489 0.01135976 -0.01315296 -148.3457 0 0 0 1
138 1 -0.01369166 0.04871856 -0.9987187 -35.94776 -0.01070441 0.9987479 0.04886674 116.206 0.9998489 0.01135976 -0.01315296 -148.3457 0 0 0 1
