frame cameraID r1,1 r1,2 r1,3 t1 r2,1 r2,2 r2,3 t2 r3,1 r3,2 r3,3 t3 0 0 0 1
0 0 0.9996717 -0.01231958 -0.02246566 -1.995074 0.01201383 0.9998341 -0.01369399 114.6368 0.02263064 0.0134196 0.9996538 0.5666752 0 0 0 1
0 1 0.9996717 -0.01231958 -0.02246566 -2.527799 0.01201383 0.9998341 -0.01369399 114.6368 0.02263064 0.0134196 0.9996538 0.5666752 0 0 0 1
1 0 0.9996691 -0.01239058 -0.02254225 -2.002557 0.01208489 0.9998338 -0.01364654 114.6367 0.02270759 0.0133696 0.9996527 0.5610062 0 0 0 1
1 1 0.9996691 -0.01239058 -0.02254225 -2.535282 0.01208489 0.9998338 -0.01364654 114.6367 0.02270759 0.0133696 0.9996527 0.5610062 0 0 0 1
2 0 0.9996693 -0.01238957 -0.02253408 -2.001577 0.01208364 0.9998336 -0.01366241 114.6367 0.0226996 0.0133856 0.9996527 0.5623817 0 0 0 1
2 1 0.9996693 -0.01238957 -0.02253408 -2.534301 0.01208364 0.9998336 -0.01366241 114.6367 0.0226996 0.0133856 0.9996527 0.5623817 0 0 0 1
3 0 0.999669 -0.01236458 -0.02256247 -1.998003 0.0120582 0.9998339 -0.01366519 114.6368 0.02272768 0.0133886 0.999652 0.5628919 0 0 0 1
3 1 0.999669 -0.01236458 -0.02256247 -2.530728 0.0120582 0.9998339 -0.01366519 114.6368 0.02272768 0.0133886 0.999652 0.5628918 0 0 0 1
4 0 0.9996702 -0.01238657 -0.02249681 -1.999688 0.0120806 0.9998333 -0.01368589 114.6368 0.02266258 0.0134096 0.9996532 0.5653968 0 0 0 1
4 1 0.9996702 -0.01238657 -0.02249681 -2.532413 0.0120806 0.9998333 -0.01368589 114.6367 0.02266258 0.0134096 0.9996532 0.5653967 0 0 0 1
5 0 0.9996701 -0.01237657 -0.02250659 -1.998305 0.01206983 0.9998331 -0.01371377 114.6368 0.02267256 0.0134376 0.9996526 0.5688632 0 0 0 1
5 1 0.9996701 -0.01237657 -0.02250659 -2.53103 0.01206983 0.9998331 -0.01371377 114.6368 0.02267256 0.0134376 0.9996526 0.5688632 0 0 0 1
6 0 0.9996704 -0.01239957 -0.02247896 -2.000409 0.01209439 0.9998335 -0.01366197 114.6367 0.02264462 0.0133856 0.9996539 0.5629086 0 0 0 1
6 1 0.9996704 -0.01239957 -0.02247896 -2.533134 0.01209439 0.9998335 -0.01366197 114.6367 0.02264462 0.0133856 0.9996539 0.5629086 0 0 0 1
7 0 0.9996705 -0.01235058 -0.02250255 -1.99408 0.01204488 0.999834 -0.01367014 114.6368 0.02266765 0.0133946 0.9996533 0.5639595 0 0 0 1
7 1 0.9996705 -0.01235058 -0.02250255 -2.526805 0.01204488 0.999834 -0.01367014 114.6368 0.02266765 0.0133946 0.9996533 0.5639595 0 0 0 1
8 0 0.9996704 -0.01235457 -0.02250191 -1.994027 0.01204782 0.9998333 -0.01371721 114.6368 0.02266763 0.01344159 0.9996527 0.5693176 0 0 0 1
8 1 0.9996704 -0.01235457 -0.02250191 -2.526752 0.01204782 0.9998333 -0.01371721 114.6368 0.02266763 0.01344159 0.9996527 0.5693176 0 0 0 1
9 0 0.999669 -0.01243055 -0.02252628 -2.002021 0.01212244 0.9998318 -0.01376322 114.6367 0.02269358 0.01348559 0.9996515 0.574246 0 0 0 1
9 1 0.999669 -0.01243055 -0.02252628 -2.534746 0.01212244 0.9998318 -0.01376322 114.6367 0.02269358 0.01348559 0.9996515 0.574246 0 0 0 1
10 0 0.9996696 -0.01238956 -0.02252032 -1.995823 0.01208227 0.9998327 -0.01373023 114.6368 0.02268667 0.0134536 0.9996521 0.5703645 0 0 0 1
10 1 0.9996696 -0.01238956 -0.02252032 -2.528548 0.01208227 0.9998327 -0.01373023 114.6368 0.02268667 0.0134536 0.9996521 0.5703645 0 0 0 1
11 0 0.9996687 -0.01241755 -0.02254644 -1.997749 0.01210919 0.999832 -0.01376217 114.6367 0.02271355 0.01348459 0.9996511 0.5732174 0 0 0 1
11 1 0.9996687 -0.01241755 -0.02254644 -2.530474 0.01210919 0.999832 -0.01376217 114.6367 0.02271355 0.01348459 0.9996511 0.5732173 0 0 0 1
12 0 0.9996673 -0.01247253 -0.02257514 -2.003217 0.01216262 0.9998306 -0.01381376 114.6366 0.02274361 0.01353459 0.9996497 0.5787106 0 0 0 1
12 1 0.9996673 -0.01247253 -0.02257514 -2.535942 0.01216262 0.9998306 -0.01381376 114.6366 0.02274361 0.01353459 0.9996497 0.5787106 0 0 0 1
13 0 0.9996681 -0.01243256 -0.02256585 -1.997582 0.01212499 0.9998324 -0.01371576 114.6367 0.02273259 0.01343759 0.9996513 0.5674676 0 0 0 1
13 1 0.9996681 -0.01243256 -0.02256585 -2.530307 0.01212499 0.9998324 -0.01371576 114.6367 0.02273259 0.01343759 0.9996513 0.5674676 0 0 0 1
14 0 0.9996669 -0.01245754 -0.02260068 -1.9995 0.01214808 0.9998313 -0.01377873 114.6367 0.02276852 0.01349959 0.9996496 0.5744824 0 0 0 1
14 1 0.9996669 -0.01245754 -0.02260068 -2.532225 0.01214808 0.9998313 -0.01377873 114.6367 0.02276852 0.01349959 0.9996496 0.5744826 0 0 0 1
15 0 0.9996649 -0.01246755 -0.02268463 -1.999774 0.0121588 0.9998323 -0.01369801 114.6367 0.0228516 0.0134176 0.9996488 0.5649835 0 0 0 1
15 1 0.9996649 -0.01246755 -0.02268463 -2.532499 0.0121588 0.9998323 -0.01369801 114.6367 0.0228516 0.0134176 0.9996488 0.5649836 0 0 0 1
16 0 0.9996642 -0.01246854 -0.02271767 -1.999482 0.01215771 0.9998313 -0.01376941 114.6367 0.02288552 0.01348859 0.9996471 0.572974 0 0 0 1
16 1 0.9996642 -0.01246854 -0.02271767 -2.532207 0.01215771 0.9998313 -0.01376941 114.6367 0.02288552 0.01348859 0.9996471 0.572974 0 0 0 1
17 0 0.999666 -0.01246757 -0.02263538 -1.998745 0.01216095 0.9998331 -0.01363342 114.6368 0.02280157 0.0133536 0.9996508 0.5574003 0 0 0 1
17 1 0.999666 -0.01246757 -0.02263538 -2.53147 0.01216095 0.9998331 -0.01363342 114.6368 0.02280157 0.0133536 0.9996508 0.5574004 0 0 0 1
18 0 0.9996665 -0.01242155 -0.02263959 -1.992622 0.0121122 0.9998321 -0.01375039 114.6368 0.02280659 0.01347159 0.9996491 0.5705028 0 0 0 1
18 1 0.9996665 -0.01242155 -0.02263959 -2.525347 0.0121122 0.9998321 -0.01375039 114.6368 0.02280659 0.01347159 0.9996491 0.5705028 0 0 0 1
19 0 0.9996662 -0.01246555 -0.02262995 -1.996662 0.01215634 0.9998316 -0.01375028 114.6367 0.02279754 0.01347059 0.9996493 0.5700242 0 0 0 1
19 1 0.9996662 -0.01246555 -0.02262995 -2.529387 0.01215634 0.9998316 -0.01375028 114.6367 0.02279754 0.01347059 0.9996493 0.5700241 0 0 0 1
20 0 0.9996644 -0.01253453 -0.02267039 -2.003923 0.0122235 0.9998299 -0.01380633 114.6366 0.02283959 0.01352459 0.9996477 0.5755568 0 0 0 1
20 1 0.9996644 -0.01253453 -0.02267039 -2.536648 0.0122235 0.9998299 -0.01380633 114.6366 0.02283959 0.01352459 0.9996477 0.5755567 0 0 0 1
21 0 0.9996665 -0.01249753 -0.02259959 -1.999102 0.01218709 0.9998302 -0.01382262 114.6367 0.0227685 0.01354259 0.999649 0.5771152 0 0 0 1
21 1 0.9996665 -0.01249753 -0.02259959 -2.531826 0.01218709 0.9998302 -0.01382262 114.6367 0.0227685 0.01354259 0.999649 0.5771152 0 0 0 1
22 0 0.9996653 -0.01251053 -0.02264597 -2.000098 0.01220036 0.9998305 -0.01378349 114.6367 0.02281457 0.01350259 0.9996485 0.5718946 0 0 0 1
22 1 0.9996653 -0.01251053 -0.02264597 -2.532823 0.01220036 0.9998305 -0.01378349 114.6367 0.02281457 0.01350259 0.9996485 0.5718948 0 0 0 1
23 0 0.9996648 -0.01251453 -0.02266173 -2.000057 0.01220384 0.9998304 -0.01379677 114.6367 0.02283054 0.01351559 0.999648 0.5729465 0 0 0 1
23 1 0.9996648 -0.01251453 -0.02266173 -2.532782 0.01220384 0.9998304 -0.01379677 114.6367 0.02283054 0.01351559 0.999648 0.5729464 0 0 0 1
24 0 0.999665 -0.01257053 -0.02262366 -2.006033 0.01226151 0.9998303 -0.0137466 114.6366 0.02279262 0.01346459 0.9996495 0.5664229 0 0 0 1
24 1 0.999665 -0.01257053 -0.02262366 -2.538758 0.01226151 0.9998303 -0.0137466 114.6366 0.02279262 0.01346459 0.9996495 0.566423 0 0 0 1
25 0 0.9996645 -0.01252052 -0.02267208 -2.000019 0.01220857 0.9998296 -0.01384602 114.6367 0.02284157 0.01356458 0.9996471 0.5771117 0 0 0 1
25 1 0.9996645 -0.01252052 -0.02267208 -2.532743 0.01220857 0.9998296 -0.01384602 114.6367 0.02284157 0.01356458 0.9996471 0.5771115 0 0 0 1
26 0 0.9996653 -0.01249954 -0.02265017 -1.997308 0.01218942 0.9998308 -0.01377829 114.6368 0.02281856 0.01349759 0.9996485 0.5687782 0 0 0 1
26 1 0.9996653 -0.01249954 -0.02265017 -2.530033 0.01218942 0.9998308 -0.01377829 114.6368 0.02281856 0.01349759 0.9996485 0.5687781 0 0 0 1
27 0 0.9996664 -0.01251552 -0.02259317 -1.998976 0.01220482 0.9998298 -0.01383795 114.6367 0.02276251 0.01355759 0.999649 0.5745996 0 0 0 1
27 1 0.9996664 -0.01251552 -0.02259317 -2.531701 0.01220482 0.9998298 -0.01383795 114.6367 0.02276251 0.01355759 0.999649 0.5745997 0 0 0 1
28 0 0.9996651 -0.01249653 -0.0226629 -1.996419 0.01218558 0.9998304 -0.01380737 114.6368 0.0228316 0.01352659 0.9996478 0.5704532 0 0 0 1
28 1 0.9996651 -0.01249653 -0.0226629 -2.529145 0.01218558 0.9998304 -0.01380737 114.6368 0.0228316 0.01352659 0.9996478 0.5704532 0 0 0 1
29 0 0.9996657 -0.01256051 -0.02259887 -2.003123 0.01224839 0.9998284 -0.01389703 114.6366 0.02276954 0.01361558 0.999648 0.5799582 0 0 0 1
29 1 0.9996657 -0.01256051 -0.02259887 -2.535848 0.01224839 0.9998284 -0.01389703 114.6366 0.02276954 0.01361558 0.999648 0.5799581 0 0 0 1
30 0 0.9996656 -0.01251253 -0.02263295 -1.9973 0.01220263 0.9998306 -0.01377938 114.6368 0.02280153 0.01349859 0.9996489 0.5659027 0 0 0 1
30 1 0.9996656 -0.01251253 -0.02263295 -2.530025 0.01220263 0.9998306 -0.01377938 114.6368 0.02280153 0.01349859 0.9996489 0.5659027 0 0 0 1
31 0 0.9996651 -0.01250352 -0.02265575 -1.996377 0.01219095 0.9998293 -0.01388242 114.6368 0.02282546 0.01360158 0.999647 0.5771567 0 0 0 1
31 1 0.9996651 -0.01250352 -0.02265575 -2.529102 0.01219095 0.9998293 -0.01388242 114.6368 0.02282546 0.01360158 0.999647 0.5771567 0 0 0 1
32 0 0.999665 -0.01249553 -0.02266508 -1.995266 0.01218487 0.9998306 -0.01379338 114.6368 0.0228336 0.01351259 0.999648 0.5663889 0 0 0 1
32 1 0.999665 -0.01249553 -0.02266508 -2.527991 0.01218487 0.9998306 -0.01379338 114.6368 0.0228336 0.01351259 0.999648 0.5663889 0 0 0 1
33 0 0.9996669 -0.01249553 -0.02258242 -1.995187 0.0121848 0.9998299 -0.01384536 114.6368 0.02275159 0.01356558 0.9996491 0.5716881 0 0 0 1
33 1 0.9996669 -0.01249553 -0.02258242 -2.527912 0.0121848 0.9998299 -0.01384536 114.6368 0.02275159 0.01356558 0.9996491 0.5716882 0 0 0 1
34 0 0.9996654 -0.01247653 -0.0226563 -1.99258 0.0121643 0.9998298 -0.01386682 114.6368 0.02282546 0.01358658 0.9996471 0.5735676 0 0 0 1
34 1 0.9996654 -0.01247653 -0.0226563 -2.525305 0.0121643 0.9998298 -0.01386682 114.6368 0.02282546 0.01358658 0.9996471 0.5735675 0 0 0 1
35 0 0.9996679 -0.01248654 -0.02254426 -1.993715 0.01217764 0.9998308 -0.01378771 114.6369 0.02271261 0.01350859 0.9996508 0.5645724 0 0 0 1
35 1 0.9996679 -0.01248654 -0.02254426 -2.52644 0.01217764 0.9998308 -0.01378771 114.6369 0.02271261 0.01350859 0.9996508 0.5645724 0 0 0 1
36 0 0.9996678 -0.01250853 -0.02253779 -1.99624 0.01219939 0.9998303 -0.01380212 114.6368 0.02270661 0.01352259 0.9996507 0.5661035 0 0 0 1
36 1 0.9996678 -0.01250853 -0.02253779 -2.528965 0.01219939 0.9998303 -0.01380212 114.6368 0.02270661 0.01352259 0.9996507 0.5661034 0 0 0 1
37 0 0.999668 -0.01252153 -0.02251776 -1.997672 0.01221287 0.9998303 -0.01379318 114.6368 0.02268665 0.01351359 0.9996513 0.5650044 0 0 0 1
37 1 0.999668 -0.01252153 -0.02251776 -2.530397 0.01221287 0.9998303 -0.01379318 114.6368 0.02268665 0.01351359 0.9996513 0.5650044 0 0 0 1
38 0 0.9996684 -0.01253553 -0.02249392 -1.999456 0.01222801 0.9998306 -0.01375721 114.6368 0.02266257 0.01347759 0.9996523 0.5606303 0 0 0 1
38 1 0.9996684 -0.01253553 -0.02249392 -2.532181 0.01222801 0.9998306 -0.01375721 114.6368 0.02266257 0.01347759 0.9996523 0.5606303 0 0 0 1
39 0 0.9996677 -0.01252954 -0.02252705 -1.998634 0.01222163 0.9998307 -0.01375448 114.6368 0.02269558 0.01347459 0.9996516 0.5601625 0 0 0 1
39 1 0.9996677 -0.01252954 -0.02252705 -2.531359 0.01222163 0.9998307 -0.01375448 114.6368 0.02269558 0.01347459 0.9996516 0.5601625 0 0 0 1
40 0 0.9996665 -0.01248253 -0.02260893 -1.993593 0.0121721 0.9998305 -0.01381639 114.6369 0.02277756 0.01353659 0.9996489 0.5671931 0 0 0 1
40 1 0.9996665 -0.01248253 -0.02260893 -2.526319 0.0121721 0.9998305 -0.01381639 114.6369 0.02277756 0.01353659 0.9996489 0.5671932 0 0 0 1
41 0 0.9996657 -0.01248654 -0.02264066 -1.99395 0.01217709 0.9998313 -0.01375489 114.6369 0.02280859 0.01347459 0.999649 0.559788 0 0 0 1
41 1 0.9996657 -0.01248654 -0.02264066 -2.526675 0.01217709 0.9998313 -0.01375489 114.6369 0.02280859 0.01347459 0.999649 0.559788 0 0 0 1
42 0 0.9996644 -0.01250253 -0.02268847 -1.996472 0.01219067 0.99983 -0.01383182 114.6368 0.02285755 0.01355059 0.9996469 0.5686729 0 0 0 1
42 1 0.9996644 -0.01250253 -0.02268847 -2.529197 0.01219067 0.99983 -0.01383182 114.6368 0.02285755 0.01355059 0.9996469 0.5686729 0 0 0 1
43 0 0.9996645 -0.01244953 -0.0227111 -1.990777 0.01213725 0.9998306 -0.01383688 114.6369 0.02287951 0.01355659 0.9996463 0.5694844 0 0 0 1
43 1 0.9996645 -0.01244953 -0.0227111 -2.523501 0.01213725 0.9998306 -0.01383688 114.6369 0.02287951 0.01355659 0.9996463 0.5694844 0 0 0 1
44 0 0.9996675 -0.01242654 -0.02259483 -1.988998 0.01211665 0.9998313 -0.01380095 114.637 0.02276252 0.01352259 0.9996495 0.565901 0 0 0 1
44 1 0.9996675 -0.01242654 -0.02259483 -2.521724 0.01211665 0.9998313 -0.01380095 114.637 0.02276252 0.01352259 0.9996495 0.565901 0 0 0 1
45 0 0.9996652 -0.01241955 -0.02269794 -1.988662 0.0121082 0.9998314 -0.01380304 114.637 0.02286555 0.01352359 0.9996471 0.566005 0 0 0 1
45 1 0.9996652 -0.01241955 -0.02269794 -2.521387 0.0121082 0.9998314 -0.01380304 114.637 0.02286555 0.01352359 0.9996471 0.5660049 0 0 0 1
46 0 0.9996638 -0.01244855 -0.02274237 -1.992235 0.01213824 0.999832 -0.01373226 114.637 0.0229095 0.01345159 0.999647 0.5575487 0 0 0 1
46 1 0.9996638 -0.01244855 -0.02274237 -2.52496 0.01213824 0.999832 -0.01373226 114.637 0.0229095 0.01345159 0.999647 0.5575486 0 0 0 1
47 0 0.9996629 -0.01241754 -0.02280282 -1.988879 0.01210466 0.9998314 -0.01380826 114.637 0.02297044 0.01352759 0.9996446 0.5660154 0 0 0 1
47 1 0.9996629 -0.01241754 -0.02280282 -2.521604 0.01210466 0.9998314 -0.01380826 114.637 0.02297044 0.01352759 0.9996446 0.5660152 0 0 0 1
48 0 0.9996626 -0.01239655 -0.02282603 -1.987392 0.01208317 0.9998316 -0.01381606 114.637 0.02299346 0.01353559 0.999644 0.5671439 0 0 0 1
48 1 0.9996626 -0.01239655 -0.02282603 -2.520117 0.01208317 0.9998316 -0.01381606 114.637 0.02299346 0.01353559 0.999644 0.5671439 0 0 0 1
49 0 0.9996634 -0.01241854 -0.02278185 -1.990928 0.01210586 0.9998313 -0.01381203 114.6369 0.02294954 0.01353159 0.9996451 0.5665339 0 0 0 1
49 1 0.9996634 -0.01241854 -0.02278185 -2.523653 0.01210586 0.9998313 -0.01381203 114.6369 0.02294954 0.01353159 0.9996451 0.5665339 0 0 0 1
50 0 0.9996627 -0.01239054 -0.02282355 -1.988921 0.01207614 0.999831 -0.01386188 114.637 0.02299145 0.01358158 0.9996434 0.5721688 0 0 0 1
50 1 0.9996627 -0.01239054 -0.02282355 -2.521646 0.01207614 0.999831 -0.01386188 114.637 0.02299145 0.01358158 0.9996434 0.5721688 0 0 0 1
51 0 0.9996632 -0.01239155 -0.02280335 -1.990189 0.01207899 0.9998319 -0.01379368 114.637 0.02297044 0.01351359 0.9996448 0.5642682 0 0 0 1
51 1 0.9996632 -0.01239155 -0.02280335 -2.522914 0.01207899 0.9998319 -0.01379368 114.637 0.02297044 0.01351359 0.9996448 0.5642682 0 0 0 1
52 0 0.9996642 -0.01231456 -0.02280127 -1.981788 0.01200167 0.9998326 -0.01380888 114.6371 0.02296751 0.01353059 0.9996446 0.5660226 0 0 0 1
52 1 0.9996642 -0.01231456 -0.02280127 -2.514513 0.01200167 0.9998326 -0.01380888 114.6371 0.02296751 0.01353059 0.9996446 0.5660226 0 0 0 1
53 0 0.999666 -0.01232856 -0.02271437 -1.983945 0.01201726 0.9998327 -0.01379116 114.6371 0.02288059 0.01351359 0.9996468 0.5642182 0 0 0 1
53 1 0.999666 -0.01232856 -0.02271437 -2.51667 0.01201726 0.9998327 -0.01379116 114.6371 0.02288059 0.01351359 0.9996468 0.5642182 0 0 0 1
54 0 0.9996659 -0.01234154 -0.02271204 -1.985988 0.01202825 0.9998313 -0.0138794 114.637 0.0228795 0.01360158 0.9996457 0.5742548 0 0 0 1
54 1 0.9996659 -0.01234154 -0.02271204 -2.518713 0.01202825 0.9998313 -0.0138794 114.637 0.0228795 0.01360158 0.9996457 0.5742549 0 0 0 1
55 0 0.9996663 -0.01234456 -0.02269325 -1.987396 0.01203379 0.9998326 -0.01378027 114.6371 0.02285956 0.01350259 0.9996475 0.5630505 0 0 0 1
55 1 0.9996663 -0.01234456 -0.02269325 -2.520121 0.01203379 0.9998326 -0.01378027 114.6371 0.02285956 0.01350259 0.9996475 0.5630505 0 0 0 1
56 0 0.999665 -0.01234456 -0.0227482 -1.988477 0.01203299 0.9998326 -0.01378294 114.637 0.02291454 0.01350459 0.9996462 0.5634778 0 0 0 1
56 1 0.999665 -0.01234456 -0.0227482 -2.521202 0.01203299 0.9998326 -0.01378294 114.637 0.02291454 0.01350459 0.9996462 0.5634778 0 0 0 1
57 0 0.9996638 -0.01234456 -0.02280315 -1.989558 0.01203218 0.9998326 -0.0137856 114.637 0.02296951 0.01350659 0.9996449 0.5639045 0 0 0 1
57 1 0.9996638 -0.01234456 -0.02280315 -2.522283 0.01203218 0.9998326 -0.0137856 114.637 0.02296951 0.01350659 0.9996449 0.5639045 0 0 0 1
58 0 0.9996638 -0.01232356 -0.02281095 -1.987962 0.01201019 0.9998323 -0.0138242 114.637 0.02297748 0.01354559 0.9996442 0.5688828 0 0 0 1
58 1 0.9996638 -0.01232356 -0.02281095 -2.520688 0.01201019 0.9998323 -0.0138242 114.637 0.02297748 0.01354559 0.9996442 0.5688829 0 0 0 1
59 0 0.9996638 -0.01232356 -0.0228113 -1.988777 0.01201085 0.9998327 -0.01379521 114.637 0.02297749 0.01351659 0.9996446 0.566096 0 0 0 1
59 1 0.9996638 -0.01232356 -0.0228113 -2.521502 0.01201085 0.9998327 -0.01379521 114.637 0.02297749 0.01351659 0.9996446 0.5660958 0 0 0 1
60 0 0.9996635 -0.01231156 -0.02283352 -1.988606 0.01199871 0.9998329 -0.0137882 114.637 0.02299946 0.01350959 0.9996442 0.565851 0 0 0 1
60 1 0.9996635 -0.01231156 -0.02283352 -2.521331 0.01199871 0.9998329 -0.0137882 114.637 0.02299946 0.01350959 0.9996442 0.5658512 0 0 0 1
61 0 0.9996642 -0.01231958 -0.02279654 -1.990426 0.01200923 0.999834 -0.01370097 114.637 0.02296155 0.0134226 0.9996462 0.5563098 0 0 0 1
61 1 0.9996642 -0.01231958 -0.02279654 -2.523151 0.01200923 0.999834 -0.01370097 114.637 0.02296155 0.0134226 0.9996462 0.5563098 0 0 0 1
62 0 0.9996648 -0.01225557 -0.02280571 -1.984727 0.01194195 0.9998329 -0.01383757 114.6371 0.02297149 0.01356059 0.9996442 0.5727115 0 0 0 1
62 1 0.9996648 -0.01225557 -0.02280571 -2.517451 0.01194195 0.9998329 -0.01383757 114.6371 0.02297149 0.01356059 0.9996442 0.5727115 0 0 0 1
63 0 0.9996633 -0.01227457 -0.02286219 -1.987948 0.01196173 0.9998336 -0.0137707 114.637 0.02302742 0.01349259 0.9996438 0.5653311 0 0 0 1
63 1 0.9996633 -0.01227457 -0.02286219 -2.520673 0.01196173 0.9998336 -0.0137707 114.637 0.02302742 0.01349259 0.9996438 0.5653311 0 0 0 1
64 0 0.9996643 -0.01216959 -0.02287227 -1.97703 0.01185586 0.9998345 -0.01380239 114.6372 0.02303646 0.01352659 0.9996431 0.5698019 0 0 0 1
64 1 0.9996643 -0.01216959 -0.02287227 -2.509755 0.01185586 0.9998345 -0.01380239 114.6372 0.02303646 0.01352659 0.9996431 0.5698019 0 0 0 1
65 0 0.9996637 -0.01230057 -0.02282789 -1.992799 0.01198819 0.9998333 -0.01377089 114.637 0.02299348 0.01349259 0.9996446 0.5662777 0 0 0 1
65 1 0.9996637 -0.01230057 -0.02282789 -2.525524 0.01198819 0.9998333 -0.01377089 114.637 0.02299348 0.01349259 0.9996446 0.5662778 0 0 0 1
66 0 0.9996628 -0.01234055 -0.02284566 -1.998498 0.01202658 0.999832 -0.01383 114.6368 0.02301249 0.01355059 0.9996433 0.5735872 0 0 0 1
66 1 0.9996628 -0.01234055 -0.02284566 -2.531223 0.01202658 0.999832 -0.01383 114.6368 0.02301249 0.01355059 0.9996433 0.5735872 0 0 0 1
67 0 0.9996624 -0.01225259 -0.02291124 -1.989551 0.01194037 0.9998347 -0.0137148 114.637 0.02307549 0.0134366 0.9996434 0.5612122 0 0 0 1
67 1 0.9996624 -0.01225259 -0.02291124 -2.522276 0.01194037 0.9998347 -0.0137148 114.637 0.02307549 0.0134366 0.9996434 0.5612122 0 0 0 1
68 0 0.9996653 -0.0122246 -0.02279915 -1.987323 0.01191494 0.9998356 -0.01366883 114.6371 0.02296249 0.0133926 0.9996466 0.556904 0 0 0 1
68 1 0.9996653 -0.0122246 -0.02279915 -2.520048 0.01191494 0.9998356 -0.01366883 114.6371 0.02296249 0.0133926 0.9996466 0.556904 0 0 0 1
69 0 0.9996651 -0.01225258 -0.02279567 -1.991419 0.01194091 0.9998341 -0.0137584 114.637 0.02296047 0.01348159 0.9996455 0.5676026 0 0 0 1
69 1 0.9996651 -0.01225258 -0.02279567 -2.524144 0.01194091 0.9998341 -0.0137584 114.637 0.02296047 0.01348159 0.9996455 0.5676026 0 0 0 1
70 0 0.9996684 -0.01223359 -0.02265888 -1.990081 0.01192542 0.9998352 -0.01368635 114.637 0.02282258 0.0134116 0.9996496 0.560261 0 0 0 1
70 1 0.9996684 -0.01223359 -0.02265888 -2.522806 0.01192542 0.9998352 -0.01368635 114.637 0.02282258 0.0134116 0.9996496 0.560261 0 0 0 1
71 0 0.9996684 -0.01222658 -0.02266202 -1.989523 0.01191658 0.9998342 -0.01376421 114.637 0.02282656 0.01348959 0.9996485 0.5696722 0 0 0 1
71 1 0.9996684 -0.01222658 -0.02266202 -2.522248 0.01191658 0.9998342 -0.01376421 114.637 0.02282656 0.01348959 0.9996485 0.5696722 0 0 0 1
72 0 0.9996688 -0.01226958 -0.02262089 -1.994719 0.01196098 0.9998342 -0.01372771 114.6369 0.02278557 0.01345259 0.9996499 0.5658373 0 0 0 1
72 1 0.9996688 -0.01226958 -0.02262089 -2.527444 0.01196098 0.9998342 -0.01372771 114.6369 0.02278557 0.01345259 0.9996499 0.5658374 0 0 0 1
73 0 0.9996693 -0.01231257 -0.02257791 -1.999525 0.0120037 0.9998332 -0.01376516 114.6368 0.02274363 0.01348959 0.9996503 0.5705266 0 0 0 1
73 1 0.9996693 -0.01231257 -0.02257791 -2.53225 0.0120037 0.9998332 -0.01376516 114.6368 0.02274363 0.01348959 0.9996503 0.5705266 0 0 0 1
74 0 0.9996695 -0.0122386 -0.02260902 -1.991504 0.01193158 0.9998354 -0.01366488 114.637 0.02277254 0.0133906 0.999651 0.5601195 0 0 0 1
74 1 0.9996695 -0.0122386 -0.02260902 -2.524229 0.01193158 0.9998354 -0.01366488 114.637 0.02277254 0.0133906 0.999651 0.5601193 0 0 0 1
75 0 0.9996701 -0.01229957 -0.02254831 -1.999244 0.01199168 0.9998337 -0.01373952 114.6368 0.02271355 0.01346459 0.9996513 0.5695648 0 0 0 1
75 1 0.9996701 -0.01229957 -0.02254831 -2.531969 0.01199168 0.9998337 -0.01373952 114.6368 0.02271355 0.01346459 0.9996513 0.5695648 0 0 0 1
76 0 0.999669 -0.01224559 -0.02262768 -1.993665 0.01193779 0.9998351 -0.01368826 114.6369 0.02279157 0.0134136 0.9996502 0.5644728 0 0 0 1
76 1 0.999669 -0.01224559 -0.02262768 -2.52639 0.01193779 0.9998351 -0.01368826 114.6369 0.02279157 0.0134136 0.9996502 0.5644728 0 0 0 1
77 0 0.9996697 -0.01229359 -0.02257145 -1.998991 0.01198715 0.9998348 -0.01366168 114.6368 0.02273567 0.0133866 0.9996519 0.5620282 0 0 0 1
77 1 0.9996697 -0.01229359 -0.02257145 -2.531716 0.01198715 0.9998348 -0.01366168 114.6368 0.02273567 0.0133866 0.9996519 0.5620282 0 0 0 1
78 0 0.9996706 -0.01232158 -0.02251572 -2.001889 0.01201522 0.9998341 -0.01369164 114.6368 0.02268069 0.0134166 0.9996527 0.5657636 0 0 0 1
78 1 0.9996706 -0.01232158 -0.02251572 -2.534614 0.01201522 0.9998341 -0.01369164 114.6368 0.02268069 0.0134166 0.9996527 0.5657635 0 0 0 1
79 0 0.9996696 -0.01228859 -0.02257773 -1.997973 0.01198248 0.9998351 -0.01364365 114.6368 0.02274167 0.0133686 0.999652 0.5607367 0 0 0 1
79 1 0.9996696 -0.01228859 -0.02257773 -2.530698 0.01198248 0.9998351 -0.01364365 114.6368 0.02274167 0.0133686 0.999652 0.5607367 0 0 0 1
80 0 0.999671 -0.01228658 -0.02251674 -1.997399 0.01197949 0.9998341 -0.01372285 114.6368 0.02268161 0.01344859 0.9996523 0.5704194 0 0 0 1
80 1 0.999671 -0.01228658 -0.02251674 -2.530124 0.01197949 0.9998341 -0.01372285 114.6368 0.02268161 0.01344859 0.9996523 0.5704195 0 0 0 1
81 0 0.9996697 -0.01231359 -0.02255626 -2.000519 0.01200758 0.9998347 -0.01365196 114.6368 0.02272063 0.0133766 0.9996524 0.5626518 0 0 0 1
81 1 0.9996697 -0.01231359 -0.02255626 -2.533245 0.01200758 0.9998347 -0.01365196 114.6368 0.02272063 0.0133766 0.9996524 0.5626519 0 0 0 1
82 0 0.9996726 -0.01230757 -0.02243395 -1.999935 0.01200068 0.9998333 -0.01376332 114.6367 0.0225996 0.01348959 0.9996536 0.5754892 0 0 0 1
82 1 0.9996726 -0.01230757 -0.02243395 -2.53266 0.01200068 0.9998333 -0.01376332 114.6367 0.0225996 0.01348959 0.9996536 0.5754892 0 0 0 1
83 0 0.9996731 -0.01232058 -0.02240472 -2.001882 0.01201574 0.9998341 -0.01369028 114.6367 0.02256967 0.0134166 0.9996552 0.5672133 0 0 0 1
83 1 0.9996731 -0.01232058 -0.02240472 -2.534606 0.01201574 0.9998341 -0.01369028 114.6367 0.02256967 0.0134166 0.9996552 0.5672133 0 0 0 1
84 0 0.9996752 -0.01230558 -0.02231551 -2.000511 0.01200106 0.9998337 -0.01372886 114.6367 0.02248074 0.01345659 0.9996567 0.572022 0 0 0 1
84 1 0.9996752 -0.01230558 -0.02231551 -2.533236 0.01200106 0.9998337 -0.01372886 114.6367 0.02248074 0.01345659 0.9996567 0.572022 0 0 0 1
85 0 0.9996743 -0.01232958 -0.02234462 -2.003592 0.01202567 0.9998341 -0.01368476 114.6367 0.02250964 0.0134116 0.9996567 0.567129 0 0 0 1
85 1 0.9996743 -0.01232958 -0.02234462 -2.536317 0.01202567 0.9998341 -0.01368476 114.6367 0.02250964 0.0134116 0.9996567 0.567129 0 0 0 1
86 0 0.999676 -0.01230958 -0.02227666 -2.001452 0.01200598 0.9998339 -0.01371149 114.6367 0.02244174 0.0134396 0.9996578 0.570828 0 0 0 1
86 1 0.999676 -0.01230958 -0.02227666 -2.534177 0.01200598 0.9998339 -0.01371149 114.6367 0.02244174 0.0134396 0.9996578 0.5708281 0 0 0 1
87 0 0.9996759 -0.01235258 -0.02225989 -2.006409 0.01205077 0.9998343 -0.01364227 114.6367 0.02242472 0.0133696 0.9996591 0.562774 0 0 0 1
87 1 0.9996759 -0.01235258 -0.02225989 -2.539134 0.01205077 0.9998343 -0.01364227 114.6367 0.02242472 0.0133696 0.9996591 0.5627741 0 0 0 1
88 0 0.9996775 -0.01237957 -0.02217113 -2.009168 0.01207822 0.9998335 -0.0136748 114.6366 0.02233673 0.0134026 0.9996607 0.5665683 0 0 0 1
88 1 0.9996775 -0.01237957 -0.02217113 -2.541893 0.01207822 0.9998335 -0.0136748 114.6366 0.02233673 0.0134026 0.9996607 0.5665682 0 0 0 1
89 0 0.9996783 -0.01235258 -0.02215382 -2.006191 0.01205201 0.9998342 -0.01364999 114.6367 0.02231876 0.0133786 0.9996614 0.5643516 0 0 0 1
89 1 0.9996783 -0.01235258 -0.02215382 -2.538917 0.01205201 0.9998342 -0.01364999 114.6367 0.02231876 0.0133786 0.9996614 0.5643517 0 0 0 1
90 0 0.9996799 -0.01237457 -0.02207024 -2.008353 0.01207449 0.9998335 -0.01367847 114.6366 0.02223583 0.0134076 0.9996628 0.5676049 0 0 0 1
90 1 0.9996799 -0.01237457 -0.02207024 -2.541078 0.01207449 0.9998335 -0.01367847 114.6366 0.02223583 0.0134076 0.9996628 0.5676048 0 0 0 1
91 0 0.9996799 -0.01236056 -0.02207766 -2.006883 0.01205903 0.9998329 -0.01373923 114.6366 0.0222438 0.01346859 0.9996619 0.5745324 0 0 0 1
91 1 0.9996799 -0.01236056 -0.02207766 -2.539608 0.01205903 0.9998329 -0.01373923 114.6366 0.0222438 0.01346859 0.9996619 0.5745324 0 0 0 1
92 0 0.9996809 -0.01237057 -0.02202399 -2.008051 0.01207068 0.9998333 -0.01369781 114.6366 0.02218976 0.0134276 0.9996636 0.5700324 0 0 0 1
92 1 0.9996809 -0.01237057 -0.02202399 -2.540776 0.01207068 0.9998333 -0.01369781 114.6366 0.02218976 0.0134276 0.9996636 0.5700324 0 0 0 1
93 0 0.9996807 -0.01230657 -0.02206944 -2.00041 0.01200533 0.9998336 -0.01373093 114.6367 0.02223475 0.01346159 0.9996622 0.5739854 0 0 0 1
93 1 0.9996807 -0.01230657 -0.02206944 -2.533135 0.01200533 0.9998336 -0.01373093 114.6367 0.02223475 0.01346159 0.9996622 0.5739854 0 0 0 1
94 0 0.9996803 -0.01237558 -0.02204844 -2.008076 0.01207635 0.9998339 -0.01365323 114.6366 0.02221374 0.0133826 0.9996637 0.5651136 0 0 0 1
94 1 0.9996803 -0.01237558 -0.02204844 -2.540802 0.01207635 0.9998339 -0.01365323 114.6366 0.02221374 0.0133826 0.9996637 0.5651136 0 0 0 1
95 0 0.9996817 -0.01237357 -0.021985 -2.007505 0.01207432 0.9998333 -0.01369241 114.6366 0.02215076 0.0134226 0.9996645 0.5697859 0 0 0 1
95 1 0.9996817 -0.01237357 -0.021985 -2.540229 0.01207432 0.9998333 -0.01369241 114.6366 0.02215076 0.0134226 0.9996645 0.569786 0 0 0 1
96 0 0.999681 -0.01232858 -0.02204358 -2.002567 0.01202841 0.9998338 -0.01369812 114.6367 0.0222088 0.0134286 0.9996632 0.5706936 0 0 0 1
96 1 0.999681 -0.01232858 -0.02204358 -2.535292 0.01202841 0.9998338 -0.01369812 114.6367 0.0222088 0.0134286 0.9996632 0.5706937 0 0 0 1
97 0 0.9996807 -0.01235157 -0.02204319 -2.004174 0.01205125 0.9998335 -0.01370562 114.6367 0.0222088 0.0134356 0.9996631 0.571091 0 0 0 1
97 1 0.9996807 -0.01235157 -0.02204319 -2.536898 0.01205125 0.9998335 -0.01370562 114.6367 0.0222088 0.0134356 0.9996631 0.5710909 0 0 0 1
98 0 0.9996809 -0.01240356 -0.02200632 -2.009283 0.01210335 0.9998326 -0.01372332 114.6366 0.02217285 0.01345259 0.9996637 0.5724875 0 0 0 1
98 1 0.9996809 -0.01240356 -0.02200632 -2.542008 0.01210335 0.9998326 -0.01372332 114.6366 0.02217285 0.01345259 0.9996637 0.5724875 0 0 0 1
99 0 0.9996802 -0.01243955 -0.02201543 -2.012594 0.01213853 0.9998317 -0.01375422 114.6365 0.02218283 0.01348259 0.999663 0.5750726 0 0 0 1
99 1 0.9996802 -0.01243955 -0.02201543 -2.54532 0.01213853 0.9998317 -0.01375422 114.6365 0.02218283 0.01348259 0.999663 0.5750727 0 0 0 1
100 0 0.9996812 -0.01238456 -0.02200057 -2.006022 0.01208463 0.9998329 -0.01371384 114.6366 0.02216673 0.0134436 0.9996639 0.5702901 0 0 0 1
100 1 0.9996812 -0.01238456 -0.02200057 -2.538747 0.01208463 0.9998329 -0.01371384 114.6366 0.02216673 0.0134436 0.9996639 0.5702901 0 0 0 1
101 0 0.9996807 -0.01238856 -0.02202412 -2.006111 0.01208744 0.9998323 -0.0137532 114.6366 0.02219081 0.01348259 0.9996628 0.574422 0 0 0 1
101 1 0.9996807 -0.01238856 -0.02202412 -2.538836 0.01208744 0.9998323 -0.0137532 114.6366 0.02219081 0.01348259 0.9996628 0.5744219 0 0 0 1
102 0 0.9996823 -0.01239955 -0.02194408 -2.007047 0.01209806 0.9998313 -0.01381846 114.6366 0.02211173 0.01354858 0.9996637 0.581471 0 0 0 1
102 1 0.9996823 -0.01239955 -0.02194408 -2.539772 0.01209806 0.9998313 -0.01381846 114.6366 0.02211173 0.01354858 0.9996637 0.581471 0 0 0 1
103 0 0.9996814 -0.01246254 -0.02194903 -2.013644 0.01216232 0.9998314 -0.01375893 114.6365 0.0221168 0.01348759 0.9996644 0.5741153 0 0 0 1
103 1 0.9996814 -0.01246254 -0.02194903 -2.546369 0.01216232 0.9998314 -0.01375893 114.6365 0.0221168 0.01348759 0.9996644 0.5741153 0 0 0 1
104 0 0.9996816 -0.01242953 -0.0219591 -2.009133 0.01212664 0.9998302 -0.01387329 114.6365 0.02212781 0.01360258 0.9996626 0.5866749 0 0 0 1
104 1 0.9996816 -0.01242953 -0.0219591 -2.541858 0.01212664 0.9998302 -0.01387329 114.6365 0.02212781 0.01360258 0.9996626 0.586675 0 0 0 1
105 0 0.9996833 -0.01243753 -0.02187937 -2.009625 0.01213641 0.9998305 -0.01384251 114.6365 0.02204782 0.01357258 0.9996648 0.5829329 0 0 0 1
105 1 0.9996833 -0.01243753 -0.02187937 -2.54235 0.01213641 0.9998305 -0.01384251 114.6365 0.02204782 0.01357258 0.9996648 0.5829328 0 0 0 1
106 0 0.9996826 -0.01243853 -0.02190718 -2.009624 0.0121368 0.9998304 -0.01385286 114.6365 0.02207577 0.01358258 0.999664 0.5838145 0 0 0 1
106 1 0.9996826 -0.01243853 -0.02190718 -2.542349 0.0121368 0.9998304 -0.01385286 114.6365 0.02207577 0.01358258 0.999664 0.5838146 0 0 0 1
107 0 0.9996796 -0.01251553 -0.02199982 -2.01769 0.01221388 0.9998303 -0.01379271 114.6364 0.02216871 0.01351959 0.9996628 0.5758254 0 0 0 1
107 1 0.9996796 -0.01251553 -0.02199982 -2.550415 0.01221388 0.9998303 -0.01379271 114.6364 0.02216871 0.01351959 0.9996628 0.5758254 0 0 0 1
108 0 0.9996831 -0.01244953 -0.02187969 -2.009765 0.01214762 0.9998299 -0.01387777 114.6365 0.02204874 0.01360758 0.9996643 0.5849983 0 0 0 1
108 1 0.9996831 -0.01244953 -0.02187969 -2.54249 0.01214762 0.9998299 -0.01387777 114.6365 0.02204874 0.01360758 0.9996643 0.5849981 0 0 0 1
109 0 0.9996825 -0.01247853 -0.02188789 -2.01254 0.01217758 0.9998302 -0.01382952 114.6365 0.02205675 0.01355858 0.9996648 0.5789621 0 0 0 1
109 1 0.9996825 -0.01247853 -0.02188789 -2.545264 0.01217758 0.9998302 -0.01382952 114.6365 0.02205675 0.01355858 0.9996648 0.578962 0 0 0 1
110 0 0.999683 -0.01255451 -0.02182469 -2.020127 0.01225397 0.999829 -0.01385041 114.6364 0.02199484 0.01357858 0.9996659 0.5806163 0 0 0 1
110 1 0.999683 -0.01255451 -0.02182469 -2.552852 0.01225397 0.999829 -0.01385041 114.6364 0.02199484 0.01357858 0.9996659 0.5806164 0 0 0 1
111 0 0.999685 -0.01250253 -0.02176063 -2.013788 0.0122032 0.9998298 -0.01383449 114.6365 0.02192989 0.01356458 0.9996675 0.5786523 0 0 0 1
111 1 0.999685 -0.01250253 -0.02176063 -2.546513 0.0122032 0.9998298 -0.01383449 114.6365 0.02192989 0.01356458 0.9996675 0.5786522 0 0 0 1
112 0 0.999686 -0.01247653 -0.02173201 -2.00954 0.01217769 0.9998302 -0.01382957 114.6366 0.02190087 0.01356059 0.9996682 0.5775028 0 0 0 1
112 1 0.999686 -0.01247653 -0.02173201 -2.542265 0.01217769 0.9998302 -0.01382957 114.6366 0.02190087 0.01356059 0.9996682 0.5775028 0 0 0 1
113 0 0.999685 -0.01250552 -0.02175839 -2.012257 0.01220587 0.9998296 -0.01385053 114.6365 0.02192789 0.01358058 0.9996673 0.5793669 0 0 0 1
113 1 0.999685 -0.01250552 -0.02175839 -2.544981 0.01220587 0.9998296 -0.01385053 114.6365 0.02192789 0.01358058 0.9996673 0.5793669 0 0 0 1
114 0 0.9996857 -0.01246054 -0.02175246 -2.006652 0.01216188 0.9998307 -0.01380848 114.6366 0.02192084 0.01353959 0.999668 0.5740913 0 0 0 1
114 1 0.9996857 -0.01246054 -0.02175246 -2.539377 0.01216188 0.9998307 -0.01380848 114.6366 0.02192084 0.01353959 0.999668 0.5740913 0 0 0 1
115 0 0.9996871 -0.01247552 -0.02168339 -2.007658 0.01217633 0.9998296 -0.01387595 114.6366 0.0218528 0.01360758 0.9996686 0.5810293 0 0 0 1
115 1 0.9996871 -0.01247552 -0.02168339 -2.540383 0.01217633 0.9998296 -0.01387595 114.6366 0.0218528 0.01360758 0.9996686 0.5810292 0 0 0 1
116 0 0.999686 -0.01254052 -0.02169447 -2.01441 0.01224279 0.9998298 -0.01380252 114.6365 0.02186387 0.01353259 0.9996694 0.5720893 0 0 0 1
116 1 0.999686 -0.01254052 -0.02169447 -2.547135 0.01224279 0.9998298 -0.01380252 114.6365 0.02186387 0.01353259 0.9996694 0.5720893 0 0 0 1
117 0 0.999687 -0.01246053 -0.02169696 -2.004809 0.01216172 0.9998301 -0.01384979 114.6367 0.02186585 0.01358158 0.9996687 0.5770161 0 0 0 1
117 1 0.999687 -0.01246053 -0.02169696 -2.537534 0.01216172 0.9998301 -0.01384979 114.6367 0.02186585 0.01358158 0.9996687 0.577016 0 0 0 1
118 0 0.9996873 -0.01244453 -0.0216919 -2.002228 0.0121454 0.9998301 -0.01386737 114.6367 0.02186079 0.01359958 0.9996685 0.5780196 0 0 0 1
118 1 0.9996873 -0.01244453 -0.0216919 -2.534953 0.0121454 0.9998301 -0.01386737 114.6367 0.02186079 0.01359958 0.9996685 0.5780194 0 0 0 1
119 0 0.9996866 -0.01242951 -0.02173099 -1.999457 0.01212775 0.9998289 -0.0139635 114.6367 0.02190083 0.01369557 0.9996663 0.5883505 0 0 0 1
119 1 0.9996866 -0.01242951 -0.02173099 -2.532182 0.01212775 0.9998289 -0.0139635 114.6367 0.02190083 0.01369557 0.9996663 0.5883504 0 0 0 1
120 0 0.9996867 -0.01250353 -0.0216846 -2.007346 0.01220524 0.9998298 -0.01383358 114.6366 0.02185388 0.01356458 0.9996691 0.5727622 0 0 0 1
120 1 0.9996867 -0.01250353 -0.0216846 -2.540071 0.01220524 0.9998298 -0.01383358 114.6366 0.02185388 0.01356458 0.9996691 0.5727621 0 0 0 1
121 0 0.999684 -0.0125375 -0.02178973 -2.010481 0.01223549 0.999828 -0.01393859 114.6365 0.02196074 0.01366758 0.9996654 0.5835322 0 0 0 1
121 1 0.999684 -0.0125375 -0.02178973 -2.543206 0.01223549 0.999828 -0.01393859 114.6365 0.02196074 0.01366758 0.9996654 0.583532 0 0 0 1
122 0 0.9996841 -0.01246552 -0.02182428 -2.001513 0.012164 0.9998295 -0.01389444 114.6367 0.02199376 0.01362458 0.9996653 0.577716 0 0 0 1
122 1 0.9996841 -0.01246552 -0.02182428 -2.534238 0.012164 0.9998295 -0.01389444 114.6367 0.02199376 0.01362458 0.9996653 0.577716 0 0 0 1
123 0 0.9996857 -0.01244351 -0.0217648 -1.998494 0.01214138 0.9998289 -0.01395921 114.6368 0.02193477 0.01369057 0.9996657 0.5842456 0 0 0 1
123 1 0.9996857 -0.01244351 -0.0217648 -2.531219 0.01214138 0.9998289 -0.01395921 114.6367 0.02193477 0.01369057 0.9996657 0.5842456 0 0 0 1
124 0 0.9996839 -0.01249151 -0.02181918 -2.003575 0.01218873 0.9998283 -0.01395493 114.6367 0.02198975 0.01368457 0.9996645 0.5826131 0 0 0 1
124 1 0.9996839 -0.01249151 -0.02181918 -2.536301 0.01218873 0.9998283 -0.01395493 114.6367 0.02198975 0.01368457 0.9996645 0.5826131 0 0 0 1
125 0 0.9996835 -0.01248451 -0.02184163 -2.002615 0.01218211 0.9998288 -0.01392406 114.6367 0.02201173 0.01365358 0.9996645 0.5783981 0 0 0 1
125 1 0.9996835 -0.01248451 -0.02184163 -2.53534 0.01218211 0.9998288 -0.01392406 114.6367 0.02201173 0.01365358 0.9996645 0.5783982 0 0 0 1
126 0 0.999683 -0.01245451 -0.02188255 -1.998941 0.01215066 0.9998287 -0.01396389 114.6368 0.02205271 0.01369357 0.9996631 0.582139 0 0 0 1
126 1 0.999683 -0.01245451 -0.02188255 -2.531667 0.01215066 0.9998287 -0.01396389 114.6368 0.02205271 0.01369357 0.9996631 0.582139 0 0 0 1
127 0 0.9996822 -0.0125025 -0.0218899 -2.004003 0.0121986 0.9998281 -0.01396204 114.6367 0.0220607 0.01369057 0.9996629 0.5808673 0 0 0 1
127 1 0.9996822 -0.0125025 -0.0218899 -2.536728 0.0121986 0.9998281 -0.01396204 114.6367 0.0220607 0.01369057 0.9996629 0.5808673 0 0 0 1
128 0 0.9996817 -0.0124405 -0.02195 -1.997058 0.01213435 0.999828 -0.01402638 114.6368 0.02212072 0.01375557 0.9996607 0.5874535 0 0 0 1
128 1 0.9996817 -0.0124405 -0.02195 -2.529783 0.01213435 0.999828 -0.01402638 114.6368 0.02212072 0.01375557 0.9996607 0.5874536 0 0 0 1
129 0 0.9996817 -0.01242953 -0.0219556 -1.995717 0.01212588 0.9998297 -0.01390923 114.6369 0.02212474 0.01363858 0.9996622 0.5735792 0 0 0 1
129 1 0.9996817 -0.01242953 -0.0219556 -2.528442 0.01212588 0.9998297 -0.01390923 114.6369 0.02212474 0.01363858 0.9996622 0.5735791 0 0 0 1
130 0 0.9996819 -0.0124555 -0.02193093 -1.998743 0.01214994 0.999828 -0.01401148 114.6368 0.02210168 0.01374057 0.9996613 0.5847739 0 0 0 1
130 1 0.9996819 -0.0124555 -0.02193093 -2.531468 0.01214994 0.999828 -0.01401148 114.6368 0.02210168 0.01374057 0.9996613 0.584774 0 0 0 1
131 0 0.9996815 -0.01245352 -0.02194883 -1.998442 0.01214918 0.9998289 -0.01394468 114.6368 0.02211874 0.01367357 0.9996619 0.5765593 0 0 0 1
131 1 0.9996815 -0.01245352 -0.02194883 -2.531168 0.01214918 0.9998289 -0.01394468 114.6368 0.02211874 0.01367357 0.9996619 0.5765593 0 0 0 1
132 0 0.9996819 -0.01242053 -0.02194993 -1.994652 0.01211732 0.9998301 -0.01389297 114.6369 0.02211875 0.01362258 0.9996625 0.5701863 0 0 0 1
132 1 0.9996819 -0.01242053 -0.02194993 -2.527376 0.01211732 0.9998301 -0.01389297 114.6369 0.02211875 0.01362258 0.9996625 0.5701863 0 0 0 1
133 0 0.9996784 -0.01248551 -0.0220703 -2.0023 0.01217943 0.9998285 -0.01394886 114.6368 0.02224067 0.01367557 0.9996591 0.5759698 0 0 0 1
133 1 0.9996784 -0.01248551 -0.0220703 -2.535025 0.01217943 0.9998285 -0.01394886 114.6368 0.02224067 0.01367557 0.9996591 0.5759698 0 0 0 1
134 0 0.9996784 -0.01242852 -0.02210505 -1.996113 0.01212175 0.9998291 -0.01395801 114.6369 0.02227475 0.01368557 0.9996582 0.5770189 0 0 0 1
134 1 0.9996784 -0.01242852 -0.02210505 -2.528838 0.01212175 0.9998291 -0.01395801 114.6369 0.02227475 0.01368557 0.9996582 0.5770189 0 0 0 1
135 0 0.9996778 -0.0124235 -0.02213256 -1.995977 0.01211376 0.9998276 -0.01407421 114.6368 0.0223036 0.01380156 0.999656 0.5899566 0 0 0 1
135 1 0.9996778 -0.0124235 -0.02213256 -2.528702 0.01211376 0.9998276 -0.01407421 114.6368 0.0223036 0.01380156 0.999656 0.5899566 0 0 0 1
136 0 0.9996788 -0.01242552 -0.02208945 -1.996341 0.01211982 0.9998296 -0.01391977 114.6369 0.02225865 0.01364758 0.9996591 0.572182 0 0 0 1
136 1 0.9996788 -0.01242552 -0.02208945 -2.529067 0.01211982 0.9998296 -0.01391977 114.6369 0.02225865 0.01364758 0.9996591 0.5721821 0 0 0 1
137 0 0.9996786 -0.01241851 -0.02210269 -1.995839 0.01211089 0.9998287 -0.01399775 114.6369 0.02227274 0.01372557 0.9996577 0.5807679 0 0 0 1
137 1 0.9996786 -0.01241851 -0.02210269 -2.528564 0.01211089 0.9998287 -0.01399775 114.6369 0.02227274 0.01372557 0.9996577 0.5807679 0 0 0 1
138 0 0.9996774 -0.01246452 -0.02213101 -2.000887 0.01215829 0.9998292 -0.01391814 114.6368 0.02230071 0.01364458 0.9996582 0.5713348 0 0 0 1
138 1 0.9996774 -0.01246452 -0.02213101 -2.533612 0.01215829 0.9998292 -0.01391814 114.6368 0.02230071 0.01364458 0.9996582 0.5713347 0 0 0 1
139 0 0.9996785 -0.01236352 -0.02213756 -1.989436 0.0120557 0.9998295 -0.01398495 114.637 0.02230668 0.01371357 0.9996571 0.5791556 0 0 0 1
139 1 0.9996785 -0.01236352 -0.02213756 -2.522161 0.0120557 0.9998295 -0.01398495 114.637 0.02230668 0.01371357 0.9996571 0.5791556 0 0 0 1
140 0 0.9996784 -0.01241252 -0.02211141 -1.995076 0.01210594 0.9998295 -0.01394574 114.6369 0.02228074 0.01367357 0.9996582 0.5741628 0 0 0 1
140 1 0.9996784 -0.01241252 -0.02211141 -2.527801 0.01210594 0.9998295 -0.01394574 114.6369 0.02228074 0.01367357 0.9996582 0.5741628 0 0 0 1
141 0 0.9996769 -0.01244051 -0.0221643 -1.998263 0.01213204 0.9998284 -0.01399799 114.6368 0.02233464 0.01372457 0.9996563 0.5799271 0 0 0 1
141 1 0.9996769 -0.01244051 -0.0221643 -2.530988 0.01213204 0.9998284 -0.01399799 114.6369 0.02233464 0.01372457 0.9996563 0.5799271 0 0 0 1
142 0 0.9996774 -0.01241452 -0.0221607 -1.995223 0.01210785 0.9998298 -0.01391939 114.637 0.02232973 0.01364657 0.9996575 0.5707394 0 0 0 1
