frame cameraID r1,1 r1,2 r1,3 t1 r2,1 r2,2 r2,3 t2 r3,1 r3,2 r3,3 t3 0 0 0 1
0 0 0.9972559 0.03758863 -0.06377836 3.202924 -0.03824741 0.9992265 -0.009139465 107.6074 0.06338549 0.01155374 0.9979222 0.4749076 0 0 0 1
0 1 0.9972559 0.03758863 -0.06377836 2.670199 -0.03824741 0.9992265 -0.009139465 107.6073 0.06338549 0.01155374 0.9979222 0.4749076 0 0 0 1
1 0 0.9971854 0.03708325 -0.0651623 2.303635 -0.03771984 0.9992517 -0.008565974 107.6566 0.06479588 0.01099978 0.9978379 -1.044838 0 0 0 1
1 1 0.9971854 0.03708325 -0.0651623 1.77091 -0.03771984 0.9992517 -0.008565974 107.6566 0.06479588 0.01099978 0.9978379 -1.044838 0 0 0 1
2 0 0.9970929 0.03695524 -0.06663383 1.518664 -0.03762235 0.9992534 -0.008784376 107.7008 0.06625945 0.01126576 0.9977388 -2.354094 0 0 0 1
2 1 0.9970929 0.03695524 -0.06663383 0.9859395 -0.03762235 0.9992534 -0.008784376 107.7008 0.06625945 0.01126576 0.9977388 -2.354094 0 0 0 1
3 0 0.9970037 0.03651405 -0.06819346 0.7043602 -0.03727596 0.9992557 -0.009933467 107.7488 0.06777998 0.01244568 0.9976227 -3.563658 0 0 0 1
3 1 0.9970037 0.03651405 -0.06819346 0.1716347 -0.03727596 0.9992557 -0.009933467 107.7488 0.06777998 0.01244568 0.9976227 -3.563659 0 0 0 1
4 0 0.9968765 0.03573655 -0.07042815 -0.2014313 -0.03653302 0.9992819 -0.01005311 107.7978 0.07001831 0.01259467 0.9974662 -5.018712 0 0 0 1
4 1 0.9968765 0.03573655 -0.07042815 -0.7341566 -0.03653302 0.9992819 -0.01005311 107.7978 0.07001831 0.01259467 0.9974662 -5.018712 0 0 0 1
5 0 0.9967194 0.03505221 -0.07295003 -1.016659 -0.03584665 0.9993111 -0.009609208 107.8379 0.07256296 0.0121927 0.9972893 -6.398061 0 0 0 1
5 1 0.9967194 0.03505221 -0.07295003 -1.549384 -0.03584665 0.9993111 -0.009609208 107.8379 0.07256296 0.0121927 0.9972893 -6.398061 0 0 0 1
6 0 0.9965082 0.03441606 -0.07607236 -1.89242 -0.03534117 0.9993165 -0.01084798 107.8932 0.07564702 0.01349859 0.9970433 -7.731431 0 0 0 1
6 1 0.9965082 0.03441606 -0.07607236 -2.425145 -0.03534117 0.9993165 -0.01084798 107.8932 0.07564702 0.01349859 0.9970433 -7.731431 0 0 0 1
7 0 0.9963012 0.03514098 -0.0784161 -2.550394 -0.03618107 0.9992746 -0.01188225 107.9491 0.07794166 0.01467547 0.9968499 -8.940502 0 0 0 1
7 1 0.9963012 0.03514098 -0.0784161 -3.083119 -0.03618107 0.9992746 -0.01188225 107.9491 0.07794166 0.01467547 0.9968499 -8.940503 0 0 0 1
8 0 0.9961311 0.03578909 -0.08026228 -3.218566 -0.03691025 0.99924 -0.01252836 108.0046 0.0797529 0.01544239 0.996695 -10.19124 0 0 0 1
8 1 0.9961311 0.03578909 -0.08026228 -3.75129 -0.03691025 0.99924 -0.01252836 108.0046 0.0797529 0.01544239 0.996695 -10.19124 0 0 0 1
9 0 0.995932 0.03705197 -0.08213715 -3.888924 -0.03821111 0.9991904 -0.012585 108.0639 0.08160436 0.01567236 0.9965416 -11.63493 0 0 0 1
9 1 0.995932 0.03705197 -0.08213715 -4.421647 -0.03821111 0.9991904 -0.012585 108.0639 0.08160436 0.01567236 0.9965416 -11.63492 0 0 0 1
10 0 0.9957579 0.03786231 -0.08386102 -4.533378 -0.03903779 0.9991605 -0.01242131 108.1153 0.08332031 0.01564237 0.9964001 -12.97076 0 0 0 1
10 1 0.9957579 0.03786231 -0.08386102 -5.066103 -0.03903779 0.9991605 -0.01242131 108.1153 0.08332031 0.01564237 0.9964001 -12.97076 0 0 0 1
11 0 0.9955869 0.03847042 -0.08559626 -5.196342 -0.03971672 0.9991276 -0.01290463 108.1756 0.08502515 0.01624729 0.9962463 -14.23992 0 0 0 1
11 1 0.9955869 0.03847042 -0.08559626 -5.729067 -0.03971672 0.9991276 -0.01290463 108.1756 0.08502515 0.01624729 0.9962463 -14.23992 0 0 0 1
12 0 0.995433 0.03862062 -0.08730134 -5.982835 -0.03969022 0.9991564 -0.01054871 108.195 0.08682029 0.01396555 0.9961261 -15.94645 0 0 0 1
12 1 0.995433 0.03862062 -0.08730134 -6.51556 -0.03969022 0.9991564 -0.01054871 108.195 0.08682029 0.01396555 0.9961261 -15.94645 0 0 0 1
13 0 0.9953242 0.03761756 -0.08896431 -6.819278 -0.03869075 0.9991974 -0.01036895 108.2314 0.08850285 0.01376257 0.9959809 -17.29414 0 0 0 1
13 1 0.9953242 0.03761756 -0.08896431 -7.352003 -0.03869075 0.9991974 -0.01036895 108.2314 0.08850285 0.01376257 0.9959809 -17.29414 0 0 0 1
14 0 0.9952086 0.03638367 -0.09075326 -7.749341 -0.03762527 0.9992198 -0.01200731 108.3019 0.09024558 0.0153644 0.995801 -18.58029 0 0 0 1
14 1 0.9952086 0.03638367 -0.09075326 -8.282066 -0.03762527 0.9992198 -0.01200731 108.3019 0.09024558 0.0153644 0.995801 -18.58029 0 0 0 1
15 0 0.9950922 0.0364574 -0.09199157 -8.46993 -0.03774738 0.9992114 -0.01232138 108.3567 0.09146982 0.01573335 0.9956836 -19.85938 0 0 0 1
15 1 0.9950922 0.0364574 -0.09199157 -9.002655 -0.03774738 0.9992114 -0.01232138 108.3567 0.09146982 0.01573335 0.9956836 -19.85938 0 0 0 1
16 0 0.9949848 0.03665815 -0.09306704 -9.17384 -0.03780732 0.9992287 -0.01061415 108.3705 0.09260616 0.01407954 0.9956033 -21.35153 0 0 0 1
16 1 0.9949848 0.03665815 -0.09306704 -9.706564 -0.03780732 0.9992287 -0.01061415 108.3705 0.09260616 0.01407954 0.9956033 -21.35153 0 0 0 1
17 0 0.9948612 0.03726084 -0.09414274 -9.906194 -0.03819189 0.9992375 -0.008106908 108.3706 0.09376888 0.01166074 0.9955257 -23.05215 0 0 0 1
17 1 0.9948612 0.03726084 -0.09414274 -10.43892 -0.03819189 0.9992375 -0.008106908 108.3706 0.09376888 0.01166074 0.9955257 -23.05215 0 0 0 1
18 0 0.9947555 0.03774855 -0.09506048 -10.57999 -0.03866629 0.9992215 -0.00783018 108.4133 0.0946909 0.01146475 0.9954407 -24.38212 0 0 0 1
18 1 0.9947555 0.03774855 -0.09506048 -11.11272 -0.03866629 0.9992215 -0.00783018 108.4133 0.0946909 0.01146475 0.9954407 -24.38212 0 0 0 1
19 0 0.9947018 0.03737513 -0.09576774 -11.41391 -0.03844797 0.9992166 -0.009381261 108.4955 0.09534208 0.01301363 0.9953595 -25.65902 0 0 0 1
19 1 0.9947018 0.03737513 -0.09576774 -11.94663 -0.03844797 0.9992166 -0.009381261 108.4955 0.09534208 0.01301363 0.9953595 -25.65902 0 0 0 1
20 0 0.9946076 0.03768747 -0.09661967 -12.08952 -0.03901827 0.9991674 -0.01192071 108.6132 0.09608997 0.01562636 0.99525 -26.69221 0 0 0 1
20 1 0.9946076 0.03768747 -0.09661967 -12.62224 -0.03901827 0.9991674 -0.01192071 108.6132 0.09608997 0.01562636 0.99525 -26.69221 0 0 0 1
21 0 0.994504 0.03776131 -0.09765161 -12.78522 -0.03927558 0.9991354 -0.01363071 108.7105 0.09705246 0.01739112 0.9951273 -27.81228 0 0 0 1
21 1 0.994504 0.03776131 -0.09765161 -13.31794 -0.03927558 0.9991354 -0.01363071 108.7104 0.09705246 0.01739112 0.9951273 -27.81228 0 0 0 1
22 0 0.9943993 0.03840215 -0.09846439 -13.48897 -0.03986476 0.9991214 -0.01292937 108.7556 0.09788137 0.01678221 0.9950566 -29.31671 0 0 0 1
22 1 0.9943993 0.03840215 -0.09846439 -14.02169 -0.03986476 0.9991214 -0.01292937 108.7556 0.09788137 0.01678221 0.9950566 -29.31671 0 0 0 1
23 0 0.9942862 0.0392551 -0.09926672 -14.09762 -0.04061277 0.9991065 -0.01169268 108.7818 0.09871902 0.01565736 0.9949921 -30.73516 0 0 0 1
23 1 0.9942862 0.0392551 -0.09926672 -14.63035 -0.04061277 0.9991065 -0.01169268 108.7818 0.09871902 0.01565736 0.9949921 -30.73516 0 0 0 1
24 0 0.9942405 0.03857943 -0.09998712 -14.87276 -0.03982155 0.9991521 -0.01045609 108.7785 0.09949896 0.01437751 0.9949338 -32.16947 0 0 0 1
24 1 0.9942405 0.03857943 -0.09998712 -15.40548 -0.03982155 0.9991521 -0.01045609 108.7785 0.09949896 0.01437751 0.9949338 -32.16947 0 0 0 1
25 0 0.9941451 0.03825752 -0.1010539 -15.6712 -0.03935563 0.9991857 -0.008894689 108.7709 0.1006313 0.01281965 0.9948412 -33.76086 0 0 0 1
25 1 0.9941451 0.03825752 -0.1010539 -16.20392 -0.03935563 0.9991857 -0.008894689 108.7709 0.1006313 0.01281965 0.9948412 -33.76086 0 0 0 1
26 0 0.9940108 0.03658529 -0.1029756 -16.5012 -0.03760359 0.999261 -0.007964173 108.7488 0.1026082 0.01178873 0.994652 -35.18264 0 0 0 1
26 1 0.9940108 0.03658529 -0.1029756 -17.03392 -0.03760359 0.999261 -0.007964173 108.7488 0.1026082 0.01178873 0.994652 -35.18264 0 0 0 1
27 0 0.9937577 0.03545612 -0.1057753 -17.31514 -0.03649713 0.9993024 -0.007921685 108.7697 0.1054207 0.01173273 0.9943585 -36.63713 0 0 0 1
27 1 0.9937577 0.03545612 -0.1057753 -17.84787 -0.03649713 0.9993024 -0.007921685 108.7697 0.1054207 0.01173273 0.9943585 -36.63712 0 0 0 1
28 0 0.9935393 0.03497832 -0.1079642 -18.0095 -0.03607544 0.9993152 -0.008224991 108.8117 0.1076026 0.01206671 0.9941208 -37.89626 0 0 0 1
28 1 0.9935393 0.03497832 -0.1079642 -18.54222 -0.03607544 0.9993152 -0.008224991 108.8117 0.1076026 0.01206671 0.9941208 -37.89626 0 0 0 1
29 0 0.9933746 0.03477903 -0.1095321 -18.69604 -0.03599624 0.99931 -0.009154543 108.8847 0.1091381 0.01303663 0.9939411 -39.07106 0 0 0 1
29 1 0.9933746 0.03477903 -0.1095321 -19.22877 -0.03599624 0.99931 -0.009154543 108.8847 0.1091381 0.01303663 0.9939411 -39.07106 0 0 0 1
30 0 0.9931657 0.03436478 -0.1115385 -19.45604 -0.03572887 0.9993089 -0.01025345 108.9657 0.1111091 0.01416853 0.9937072 -40.35948 0 0 0 1
30 1 0.9931657 0.03436478 -0.1115385 -19.98877 -0.03572887 0.9993089 -0.01025345 108.9657 0.1111091 0.01416853 0.9937072 -40.35948 0 0 0 1
31 0 0.9929017 0.03429221 -0.1138868 -20.08594 -0.03582154 0.9992931 -0.01140877 109.0556 0.1134151 0.01540739 0.9934282 -41.52012 0 0 0 1
31 1 0.9929017 0.03429221 -0.1138868 -20.61866 -0.03582154 0.9992931 -0.01140877 109.0556 0.1134151 0.01540739 0.9934282 -41.52012 0 0 0 1
32 0 0.9926071 0.03380303 -0.1165701 -20.74025 -0.03547758 0.9992945 -0.01231973 109.1271 0.1160714 0.01636427 0.9931061 -42.71927 0 0 0 1
32 1 0.9926071 0.03380303 -0.1165701 -21.27297 -0.03547758 0.9992945 -0.01231973 109.1271 0.1160714 0.01636427 0.9931061 -42.71927 0 0 0 1
33 0 0.9922718 0.03380929 -0.1193886 -21.40141 -0.03546213 0.999302 -0.01174634 109.1519 0.1189081 0.01588933 0.9927781 -44.18959 0 0 0 1
33 1 0.9922718 0.03380929 -0.1193886 -21.93413 -0.03546213 0.999302 -0.01174634 109.1519 0.1189081 0.01588933 0.9927781 -44.18959 0 0 0 1
34 0 0.9920173 0.03358081 -0.1215486 -22.03671 -0.03517736 0.9993204 -0.01101257 109.1566 0.1210962 0.01520042 0.9925244 -45.55045 0 0 0 1
34 1 0.9920173 0.03358081 -0.1215486 -22.56944 -0.03517736 0.9993204 -0.01101257 109.1566 0.1210962 0.01520042 0.9925244 -45.55045 0 0 0 1
35 0 0.9917179 0.03467132 -0.1236673 -22.60529 -0.03621562 0.9992913 -0.01026077 109.2 0.1232239 0.01465448 0.9922707 -47.00748 0 0 0 1
35 1 0.9917179 0.03467132 -0.1236673 -23.13801 -0.03621562 0.9992913 -0.01026077 109.2 0.1232239 0.01465448 0.9922707 -47.00748 0 0 0 1
36 0 0.9914868 0.03531507 -0.1253267 -23.16746 -0.03682142 0.9992746 -0.00972258 109.2362 0.1248925 0.01425452 0.9920679 -48.31886 0 0 0 1
36 1 0.9914868 0.03531507 -0.1253267 -23.70018 -0.03682142 0.9992746 -0.00972258 109.2362 0.1248925 0.01425452 0.9920679 -48.31887 0 0 0 1
37 0 0.9913193 0.03481081 -0.1267841 -23.86088 -0.03623736 0.999303 -0.008962069 109.2262 0.1263838 0.01347859 0.9918898 -49.66721 0 0 0 1
37 1 0.9913193 0.03481081 -0.1267841 -24.3936 -0.03623736 0.999303 -0.008962069 109.2262 0.1263838 0.01347859 0.9918898 -49.66721 0 0 0 1
38 0 0.9910984 0.0342946 -0.1286382 -24.60194 -0.03561585 0.9993337 -0.007984187 109.2059 0.1282787 0.01249467 0.9916595 -51.17294 0 0 0 1
38 1 0.9910984 0.0342946 -0.1286382 -25.13467 -0.03561585 0.9993337 -0.007984187 109.2059 0.1282787 0.01249467 0.9916595 -51.17294 0 0 0 1
39 0 0.9909014 0.03327767 -0.1304112 -25.32056 -0.03448609 0.9993805 -0.007018235 109.1621 0.1300968 0.01145175 0.9914352 -52.55821 0 0 0 1
39 1 0.9909014 0.03327767 -0.1304112 -25.85328 -0.03448609 0.9993805 -0.007018235 109.1621 0.1300968 0.01145175 0.9914352 -52.5582 0 0 0 1
40 0 0.9906774 0.03260064 -0.1322709 -26.06278 -0.03397716 0.9993893 -0.008162577 109.2437 0.131924 0.01258067 0.99118 -53.8389 0 0 0 1
40 1 0.9906774 0.03260064 -0.1322709 -26.5955 -0.03397716 0.9993893 -0.008162577 109.2437 0.131924 0.01258067 0.99118 -53.8389 0 0 0 1
41 0 0.9904683 0.0332343 -0.1336715 -26.61637 -0.03489629 0.9993398 -0.01010919 109.4122 0.1332473 0.01467747 0.9909741 -54.87585 0 0 0 1
41 1 0.9904683 0.0332343 -0.1336715 -27.1491 -0.03489629 0.9993398 -0.01010919 109.4122 0.1332473 0.01467747 0.9909741 -54.87585 0 0 0 1
42 0 0.9902351 0.03444792 -0.1350845 -27.10539 -0.03625569 0.9992826 -0.01094465 109.5439 0.1346106 0.01573535 0.9907736 -56.02619 0 0 0 1
42 1 0.9902351 0.03444792 -0.1350845 -27.63812 -0.03625569 0.9992826 -0.01094465 109.5439 0.1346106 0.01573535 0.9907736 -56.02618 0 0 0 1
43 0 0.9899899 0.03457934 -0.1368363 -27.75536 -0.03627077 0.9992931 -0.009886268 109.5359 0.1363977 0.01475046 0.9905443 -57.53465 0 0 0 1
43 1 0.9899899 0.03457934 -0.1368363 -28.28809 -0.03627077 0.9992931 -0.009886268 109.5359 0.1363977 0.01475046 0.9905443 -57.53465 0 0 0 1
44 0 0.9896823 0.03382133 -0.13923 -28.38767 -0.03541172 0.9993326 -0.008960645 109.4965 0.138834 0.01379856 0.9902195 -58.94166 0 0 0 1
44 1 0.9896823 0.03382133 -0.13923 -28.9204 -0.03541172 0.9993326 -0.008960645 109.4965 0.138834 0.01379856 0.9902195 -58.94165 0 0 0 1
45 0 0.9893091 0.0319786 -0.1422847 -29.08979 -0.03358413 0.9993963 -0.008896185 109.4651 0.1419143 0.01357958 0.9897858 -60.2957 0 0 0 1
45 1 0.9893091 0.0319786 -0.1422847 -29.62251 -0.03358413 0.9993963 -0.008896185 109.4651 0.1419143 0.01357958 0.9897858 -60.29569 0 0 0 1
46 0 0.9888462 0.03106747 -0.1456637 -29.73148 -0.03259413 0.9994358 -0.008105275 109.4248 0.1453297 0.01276265 0.989301 -61.8521 0 0 0 1
46 1 0.9888462 0.03106747 -0.1456637 -30.26421 -0.03259413 0.9994358 -0.008105275 109.4248 0.1453297 0.01276265 0.989301 -61.8521 0 0 0 1
47 0 0.9884726 0.03076199 -0.1482415 -30.29214 -0.03217778 0.9994565 -0.007161191 109.3909 0.1479407 0.01184872 0.9889253 -63.26428 0 0 0 1
47 1 0.9884726 0.03076199 -0.1482415 -30.82486 -0.03217778 0.9994565 -0.007161191 109.3909 0.1479407 0.01184872 0.9889253 -63.26428 0 0 0 1
48 0 0.9881142 0.03086336 -0.1505912 -30.88851 -0.03210846 0.9994673 -0.005843 109.3494 0.1503306 0.0106088 0.9885789 -64.83961 0 0 0 1
48 1 0.9881142 0.03086336 -0.1505912 -31.42124 -0.03210846 0.9994673 -0.005843 109.3494 0.1503306 0.0106088 0.9885789 -64.83961 0 0 0 1
49 0 0.9877774 0.03143684 -0.1526681 -31.38364 -0.03277907 0.9994429 -0.006282233 109.4383 0.1523855 0.01120977 0.9882575 -66.08222 0 0 0 1
49 1 0.9877774 0.03143684 -0.1526681 -31.91636 -0.03277907 0.9994429 -0.006282233 109.4383 0.1523855 0.01120977 0.9882575 -66.08222 0 0 0 1
50 0 0.987473 0.03205013 -0.1544987 -31.88576 -0.03354902 0.9994118 -0.007103404 109.5569 0.1541802 0.0121977 0.9879674 -67.271 0 0 0 1
50 1 0.987473 0.03205013 -0.1544987 -32.41848 -0.03354902 0.9994118 -0.007103404 109.5569 0.1541802 0.0121977 0.9879674 -67.27099 0 0 0 1
51 0 0.9871219 0.03291926 -0.1565462 -32.4143 -0.03455354 0.999373 -0.007728943 109.6803 0.1561936 0.01303863 0.9876404 -68.60445 0 0 0 1
51 1 0.9871219 0.03291926 -0.1565462 -32.94703 -0.03455354 0.999373 -0.007728943 109.6803 0.1561936 0.01303863 0.9876404 -68.60445 0 0 0 1
52 0 0.9868495 0.03377165 -0.1580746 -32.90858 -0.03542561 0.999343 -0.007656416 109.7527 0.1577122 0.01315562 0.9873975 -69.87522 0 0 0 1
52 1 0.9868495 0.03377165 -0.1580746 -33.4413 -0.03542561 0.999343 -0.007656416 109.7527 0.1577122 0.01315562 0.9873975 -69.87522 0 0 0 1
53 0 0.9865966 0.03411287 -0.1595726 -33.46166 -0.03561313 0.9993442 -0.006550625 109.7289 0.1592445 0.0121457 0.9871644 -71.25835 0 0 0 1
53 1 0.9865966 0.03411287 -0.1595726 -33.99439 -0.03561313 0.9993442 -0.006550625 109.7289 0.1592445 0.0121457 0.9871644 -71.25835 0 0 0 1
54 0 0.986401 0.03402295 -0.1607964 -34.14873 -0.03552381 0.9993479 -0.006467556 109.7618 0.1604715 0.01209171 0.9869664 -72.64723 0 0 0 1
54 1 0.986401 0.03402295 -0.1607964 -34.68146 -0.03552381 0.9993479 -0.006467556 109.7618 0.1604715 0.01209171 0.9869664 -72.64723 0 0 0 1
55 0 0.9862177 0.03370328 -0.1619835 -34.79015 -0.03553599 0.9993328 -0.00842947 109.9327 0.1615914 0.01406954 0.9867575 -73.69093 0 0 0 1
55 1 0.9862177 0.03370328 -0.1619835 -35.32288 -0.03553599 0.9993328 -0.00842947 109.9327 0.1615914 0.01406954 0.9867575 -73.69092 0 0 0 1
56 0 0.9860023 0.03358374 -0.1633145 -35.46568 -0.03593214 0.9992887 -0.01144614 110.2015 0.1628139 0.01715416 0.9865077 -74.73508 0 0 0 1
56 1 0.9860023 0.03358374 -0.1633145 -35.99841 -0.03593214 0.9992887 -0.01144614 110.2015 0.1628139 0.01715416 0.9865077 -74.73509 0 0 0 1
57 0 0.9857855 0.03422044 -0.1644865 -36.00031 -0.03680079 0.9992424 -0.01266473 110.3714 0.1639285 0.01853794 0.986298 -75.83463 0 0 0 1
57 1 0.9857855 0.03422044 -0.1644865 -36.53303 -0.03680079 0.9992424 -0.01266473 110.3714 0.1639285 0.01853794 0.986298 -75.83463 0 0 0 1
58 0 0.9856274 0.0345425 -0.1653648 -36.58802 -0.03704855 0.9992403 -0.01209331 110.3896 0.1648215 0.01804602 0.9861583 -77.12796 0 0 0 1
58 1 0.9856274 0.0345425 -0.1653648 -37.12074 -0.03704855 0.9992403 -0.01209331 110.3896 0.1648215 0.01804602 0.9861583 -77.12796 0 0 0 1
59 0 0.9853964 0.03519922 -0.1665984 -37.17738 -0.03736985 0.9992524 -0.009911303 110.3 0.1661249 0.01599232 0.985975 -78.72141 0 0 0 1
59 1 0.9853964 0.03519922 -0.1665984 -37.71011 -0.03736985 0.9992524 -0.009911303 110.3 0.1661249 0.01599232 0.985975 -78.7214 0 0 0 1
60 0 0.9852628 0.03432979 -0.1675671 -37.88391 -0.03622041 0.9993098 -0.008238591 110.1637 0.1671686 0.01418653 0.9858263 -80.15511 0 0 0 1
60 1 0.9852628 0.03432979 -0.1675671 -38.41663 -0.03622041 0.9993098 -0.008238591 110.1637 0.1671686 0.01418653 0.9858263 -80.15511 0 0 0 1
61 0 0.9851008 0.03383477 -0.1686168 -38.54469 -0.03550604 0.9993456 -0.006905622 110.0691 0.1682728 0.01278965 0.9856575 -81.54282 0 0 0 1
61 1 0.9851008 0.03383477 -0.1686168 -39.07742 -0.03550604 0.9993456 -0.006905622 110.0691 0.1682728 0.01278965 0.9856575 -81.54282 0 0 0 1
62 0 0.9849326 0.03326405 -0.1697093 -39.27644 -0.03455425 0.999392 -0.004653755 109.8921 0.1694513 0.01044781 0.9854832 -83.15526 0 0 0 1
62 1 0.9849326 0.03326405 -0.1697093 -39.80916 -0.03455425 0.999392 -0.004653755 109.8921 0.1694513 0.01044781 0.9854832 -83.15526 0 0 0 1
63 0 0.9847671 0.03382415 -0.1705572 -39.83944 -0.03487565 0.9993866 -0.003171899 109.8317 0.1703453 0.009071876 0.9853427 -84.527 0 0 0 1
63 1 0.9847671 0.03382415 -0.1705572 -40.37216 -0.03487565 0.9993866 -0.003171899 109.8317 0.1703453 0.009071876 0.9853427 -84.52699 0 0 0 1
64 0 0.9846332 0.03412718 -0.1712681 -40.50471 -0.03505598 0.9993825 -0.002400824 109.8193 0.1710804 0.008367904 0.9852215 -85.93804 0 0 0 1
64 1 0.9846332 0.03412718 -0.1712681 -41.03743 -0.03505598 0.9993825 -0.002400824 109.8193 0.1710804 0.008367904 0.9852215 -85.93804 0 0 0 1
65 0 0.9844729 0.03436068 -0.172141 -41.09617 -0.03548338 0.9993643 -0.003448253 109.959 0.1719131 0.009502857 0.9850663 -87.03131 0 0 0 1
65 1 0.9844729 0.03436068 -0.172141 -41.62889 -0.03548338 0.9993643 -0.003448253 109.959 0.1719131 0.009502857 0.9850663 -87.0313 0 0 0 1
66 0 0.9842048 0.03331886 -0.1738699 -41.73836 -0.03470349 0.9993855 -0.004928744 110.0677 0.1735988 0.01088479 0.9847563 -88.13676 0 0 0 1
66 1 0.9842048 0.03331886 -0.1738699 -42.27109 -0.03470349 0.9993855 -0.004928744 110.0677 0.1735988 0.01088479 0.9847563 -88.13676 0 0 0 1
67 0 0.9836838 0.03296361 -0.1768602 -42.25197 -0.03458754 0.999383 -0.006106175 110.195 0.1765498 0.0121237 0.984217 -89.43026 0 0 0 1
67 1 0.9836838 0.03296361 -0.1768602 -42.78469 -0.03458754 0.999383 -0.006106175 110.195 0.1765498 0.0121237 0.984217 -89.43027 0 0 0 1
68 0 0.983256 0.03300341 -0.179216 -42.70829 -0.0347182 0.9993764 -0.006439437 110.2664 0.1788917 0.01255367 0.9837887 -90.65899 0 0 0 1
68 1 0.983256 0.03300341 -0.179216 -43.24101 -0.0347182 0.9993764 -0.006439437 110.2664 0.1788917 0.01255367 0.9837887 -90.65899 0 0 0 1
69 0 0.9829245 0.03492719 -0.1806644 -43.10422 -0.03659942 0.9993124 -0.005929722 110.3761 0.1803331 0.01244068 0.9835269 -92.01244 0 0 0 1
69 1 0.9829245 0.03492719 -0.1806644 -43.63694 -0.03659942 0.9993124 -0.005929722 110.3761 0.1803331 0.01244068 0.9835269 -92.01244 0 0 0 1
70 0 0.9827752 0.03588936 -0.1812866 -43.60857 -0.03761151 0.999274 -0.006069742 110.4861 0.1809371 0.01278365 0.9834116 -93.15375 0 0 0 1
70 1 0.9827752 0.03588936 -0.1812866 -44.14129 -0.03761151 0.999274 -0.006069742 110.4861 0.1809371 0.01278365 0.9834116 -93.15375 0 0 0 1
71 0 0.9825787 0.03633297 -0.1822609 -44.12871 -0.03807828 0.9992563 -0.006084457 110.5541 0.1819043 0.01291864 0.9832314 -94.3251 0 0 0 1
71 1 0.9825787 0.03633297 -0.1822609 -44.66143 -0.03807828 0.9992563 -0.006084457 110.5541 0.1819043 0.01291864 0.9832314 -94.3251 0 0 0 1
72 0 0.9823717 0.03576123 -0.1834856 -44.79099 -0.03758518 0.9992725 -0.006471354 110.5991 0.1831207 0.01325361 0.9830011 -95.58757 0 0 0 1
72 1 0.9823717 0.03576123 -0.1834856 -45.32372 -0.03758518 0.9992725 -0.006471354 110.5991 0.1831207 0.01325361 0.9830011 -95.58756 0 0 0 1
73 0 0.9822468 0.0341705 -0.1844553 -45.51334 -0.0359625 0.9993328 -0.006377389 110.5273 0.1841143 0.01289764 0.9828202 -96.79074 0 0 0 1
73 1 0.9822468 0.0341705 -0.1844553 -46.04607 -0.0359625 0.9993328 -0.006377389 110.5273 0.1841143 0.01289764 0.9828202 -96.79073 0 0 0 1
74 0 0.9820433 0.03349406 -0.1856588 -46.10225 -0.03525497 0.9993592 -0.006190431 110.5019 0.1853325 0.01262467 0.9825948 -97.97962 0 0 0 1
74 1 0.9820433 0.03349406 -0.1856588 -46.63498 -0.03525497 0.9993592 -0.006190431 110.5019 0.1853325 0.01262467 0.9825948 -97.97962 0 0 0 1
75 0 0.981675 0.0321607 -0.1878297 -46.71606 -0.03404934 0.9993967 -0.006836428 110.5197 0.1874965 0.01310663 0.9821778 -99.23379 0 0 0 1
75 1 0.981675 0.0321607 -0.1878297 -47.24878 -0.03404934 0.9993967 -0.006836428 110.5197 0.1874965 0.01310663 0.9821778 -99.23378 0 0 0 1
76 0 0.9812762 0.03188732 -0.1899482 -47.14511 -0.03402968 0.9993886 -0.008026926 110.659 0.1895761 0.01434051 0.9817613 -100.2776 0 0 0 1
76 1 0.9812762 0.03188732 -0.1899482 -47.67784 -0.03402968 0.9993886 -0.008026926 110.659 0.1895761 0.01434051 0.9817613 -100.2776 0 0 0 1
77 0 0.9808914 0.03328191 -0.1916882 -47.48058 -0.03596642 0.9992974 -0.01054124 111.0525 0.1912027 0.01723415 0.9813992 -101.2071 0 0 0 1
77 1 0.9808914 0.03328191 -0.1916882 -48.0133 -0.03596642 0.9992974 -0.01054124 111.0525 0.1912027 0.01723415 0.9813992 -101.2071 0 0 0 1
78 0 0.9805548 0.03478606 -0.1931381 -47.76241 -0.03769257 0.9992244 -0.01139364 111.2833 0.1925919 0.01845196 0.9811054 -102.1836 0 0 0 1
78 1 0.9805548 0.03478606 -0.1931381 -48.29513 -0.03769257 0.9992244 -0.01139364 111.2833 0.1925919 0.01845196 0.9811054 -102.1836 0 0 0 1
79 0 0.9802323 0.03639985 -0.1944728 -48.0335 -0.03896113 0.9991969 -0.009360369 111.221 0.1939759 0.01675222 0.9808632 -103.464 0 0 0 1
79 1 0.9802323 0.03639985 -0.1944728 -48.56623 -0.03896113 0.9991969 -0.009360369 111.221 0.1939759 0.01675222 0.9808632 -103.464 0 0 0 1
80 0 0.9799805 0.03649002 -0.1957209 -48.52776 -0.03863645 0.9992277 -0.007158838 111.0354 0.1953086 0.01457748 0.9806335 -104.8768 0 0 0 1
80 1 0.9799805 0.03649002 -0.1957209 -49.06048 -0.03863645 0.9992277 -0.007158838 111.0354 0.1953086 0.01457748 0.9806335 -104.8768 0 0 0 1
81 0 0.979655 0.03622576 -0.1973927 -48.94652 -0.03818335 0.999252 -0.006118965 110.9415 0.1970234 0.01353159 0.9803054 -106.0734 0 0 0 1
81 1 0.979655 0.03622576 -0.1973927 -49.47925 -0.03818335 0.999252 -0.006118965 110.9415 0.1970234 0.01353159 0.9803054 -106.0734 0 0 0 1
82 0 0.9793681 0.03546153 -0.1989487 -49.4231 -0.03735085 0.9992857 -0.005750369 110.882 0.1986026 0.01306263 0.979993 -107.188 0 0 0 1
82 1 0.9793681 0.03546153 -0.1989487 -49.95583 -0.03735085 0.9992857 -0.005750369 110.882 0.1986026 0.01306263 0.979993 -107.188 0 0 0 1
83 0 0.979044 0.03496419 -0.2006253 -49.90064 -0.03673651 0.9993119 -0.005116635 110.8131 0.2003083 0.01237968 0.9796547 -108.4124 0 0 0 1
83 1 0.979044 0.03496419 -0.2006253 -50.43336 -0.03673651 0.9993119 -0.005116635 110.8131 0.2003083 0.01237968 0.9796547 -108.4124 0 0 0 1
84 0 0.9787527 0.0350343 -0.2020291 -50.28115 -0.03674203 0.9993137 -0.004707783 110.8047 0.2017255 0.01203071 0.9793682 -109.4749 0 0 0 1
84 1 0.9787527 0.0350343 -0.2020291 -50.81388 -0.03674203 0.9993137 -0.004707783 110.8047 0.2017255 0.01203071 0.9793682 -109.4749 0 0 0 1
85 0 0.978488 0.03470553 -0.2033635 -50.75845 -0.03642163 0.9993255 -0.004701011 110.8141 0.2030632 0.01200671 0.979092 -110.5827 0 0 0 1
85 1 0.978488 0.03470553 -0.2033635 -51.29116 -0.03642163 0.9993255 -0.004701011 110.8141 0.2030632 0.01200671 0.979092 -110.5827 0 0 0 1
86 0 0.9781985 0.03537213 -0.2046377 -51.07336 -0.03705263 0.9993037 -0.004384957 110.8586 0.2043401 0.01187172 0.978828 -111.5925 0 0 0 1
86 1 0.9781985 0.03537213 -0.2046377 -51.60609 -0.03705263 0.9993037 -0.004384957 110.8586 0.2043401 0.01187172 0.978828 -111.5925 0 0 0 1
87 0 0.9779888 0.0355772 -0.2056017 -51.4672 -0.03715182 0.9993024 -0.003801964 110.8373 0.205323 0.01135676 0.9786284 -112.6169 0 0 0 1
87 1 0.9779888 0.0355772 -0.2056017 -51.99992 -0.03715182 0.9993024 -0.003801964 110.8373 0.205323 0.01135676 0.9786284 -112.6169 0 0 0 1
88 0 0.9777207 0.03561687 -0.2068663 -51.89147 -0.03734126 0.9992927 -0.004435886 110.947 0.206562 0.01206171 0.9783592 -113.6094 0 0 0 1
88 1 0.9777207 0.03561687 -0.2068663 -52.4242 -0.03734126 0.9992927 -0.004435886 110.947 0.206562 0.01206171 0.9783592 -113.6094 0 0 0 1
89 0 0.9775122 0.03543442 -0.2078805 -52.31274 -0.03743819 0.9992826 -0.005711372 111.1127 0.207529 0.0133656 0.9781376 -114.4213 0 0 0 1
89 1 0.9775122 0.03543442 -0.2078805 -52.84547 -0.03743819 0.9992826 -0.005711372 111.1127 0.207529 0.0133656 0.9781376 -114.4213 0 0 0 1
90 0 0.9772606 0.03506917 -0.2091217 -52.77237 -0.03730296 0.9992812 -0.006746046 111.241 0.2087348 0.0143935 0.9778664 -115.3578 0 0 0 1
90 1 0.9772606 0.03506917 -0.2091217 -53.30509 -0.03730296 0.9992812 -0.006746046 111.241 0.2087348 0.0143935 0.9778664 -115.3578 0 0 0 1
91 0 0.9770696 0.03429564 -0.2101402 -53.24965 -0.03658873 0.9993057 -0.007032992 111.2466 0.2097531 0.01456049 0.9776459 -116.2797 0 0 0 1
91 1 0.9770696 0.03429564 -0.2101402 -53.78238 -0.03658873 0.9993057 -0.007032992 111.2466 0.2097531 0.01456049 0.9776459 -116.2797 0 0 0 1
92 0 0.9768825 0.03403194 -0.2110509 -53.67705 -0.03628818 0.9993181 -0.006825648 111.2321 0.2106747 0.01432651 0.9774512 -117.2314 0 0 0 1
92 1 0.9768825 0.03403194 -0.2110509 -54.20977 -0.03628818 0.9993181 -0.006825648 111.2321 0.2106747 0.01432651 0.9774512 -117.2314 0 0 0 1
93 0 0.976629 0.03462411 -0.2121248 -54.03555 -0.03661375 0.9993146 -0.005457488 111.1475 0.2117905 0.01309663 0.9772273 -118.3828 0 0 0 1
93 1 0.976629 0.03462411 -0.2121248 -54.56827 -0.03661375 0.9993146 -0.005457488 111.1475 0.2117905 0.01309663 0.9772273 -118.3828 0 0 0 1
94 0 0.9764267 0.03496243 -0.2129987 -54.38822 -0.03667571 0.9993188 -0.004096411 111.038 0.2127104 0.01181173 0.9770439 -119.4423 0 0 0 1
94 1 0.9764267 0.03496243 -0.2129987 -54.92094 -0.03667571 0.9993188 -0.004096411 111.038 0.2127104 0.01181173 0.9770439 -119.4423 0 0 0 1
95 0 0.9761635 0.03519636 -0.2141636 -54.76904 -0.03686136 0.9993132 -0.003784592 111.0502 0.2138833 0.01158874 0.9767905 -120.4829 0 0 0 1
95 1 0.9761635 0.03519636 -0.2141636 -55.30176 -0.03686136 0.9993132 -0.003784592 111.0502 0.2138833 0.01158874 0.9767905 -120.4829 0 0 0 1
96 0 0.9759798 0.03543618 -0.2149598 -55.14261 -0.03710939 0.9993042 -0.003751832 111.0941 0.2146773 0.01163874 0.9766157 -121.3816 0 0 0 1
96 1 0.9759798 0.03543618 -0.2149598 -55.67533 -0.03710939 0.9993042 -0.003751832 111.0941 0.2146773 0.01163874 0.9766157 -121.3816 0 0 0 1
97 0 0.9757615 0.03618363 -0.2158246 -55.44956 -0.03785118 0.9992769 -0.003596698 111.1649 0.2155384 0.01167873 0.9764255 -122.2826 0 0 0 1
97 1 0.9757615 0.03618363 -0.2158246 -55.98228 -0.03785118 0.9992769 -0.003596698 111.1649 0.2155384 0.01167873 0.9764255 -122.2826 0 0 0 1
98 0 0.9755601 0.03672745 -0.2166414 -55.83107 -0.03827446 0.9992629 -0.002947986 111.1597 0.2163735 0.01116777 0.9762468 -123.3243 0 0 0 1
98 1 0.9755601 0.03672745 -0.2166414 -56.36379 -0.03827446 0.9992629 -0.002947986 111.1597 0.2163735 0.01116777 0.9762468 -123.3243 0 0 0 1
99 0 0.9753928 0.03673683 -0.2173923 -56.2268 -0.03807141 0.9992731 -0.001952438 111.0621 0.2171626 0.01018082 0.9760824 -124.3281 0 0 0 1
99 1 0.9753928 0.03673683 -0.2173923 -56.75952 -0.03807141 0.9992731 -0.001952438 111.0621 0.2171626 0.01018082 0.9760824 -124.3281 0 0 0 1
100 0 0.9751876 0.036768 -0.2183054 -56.64629 -0.03798601 0.9992773 -0.001383631 111.0218 0.2180968 0.00964185 0.9758795 -125.3702 0 0 0 1
100 1 0.9751876 0.036768 -0.2183054 -57.17902 -0.03798601 0.9992773 -0.001383631 111.0218 0.2180968 0.00964185 0.9758795 -125.3702 0 0 0 1
101 0 0.9750491 0.03697089 -0.218889 -57.03695 -0.03816204 0.9992708 -0.001214921 111.0439 0.2186844 0.009537856 0.975749 -126.2573 0 0 0 1
101 1 0.9750491 0.03697089 -0.218889 -57.56968 -0.03816204 0.9992708 -0.001214921 111.0439 0.2186844 0.009537856 0.975749 -126.2573 0 0 0 1
102 0 0.9749355 0.0369579 -0.2193965 -57.46051 -0.03815306 0.9992712 -0.001211578 111.0688 0.2191918 0.009551855 0.9756351 -127.1229 0 0 0 1
102 1 0.9749355 0.0369579 -0.2193965 -57.99323 -0.03815306 0.9992712 -0.001211578 111.0688 0.2191918 0.009551855 0.9756351 -127.1229 0 0 0 1
103 0 0.9748689 0.03615974 -0.2198253 -58.02349 -0.03719275 0.9993079 -0.0005610837 110.9428 0.2196529 0.00872289 0.9755391 -128.1569 0 0 0 1
103 1 0.9748689 0.03615974 -0.2198253 -58.55621 -0.03719275 0.9993079 -0.0005610837 110.9428 0.2196529 0.00872289 0.9755391 -128.1569 0 0 0 1
104 0 0.9747307 0.03588304 -0.2204825 -58.44724 -0.03684563 0.9993209 -0.0002534906 110.903 0.2203237 0.008370904 0.9753909 -129.065 0 0 0 1
104 1 0.9747307 0.03588304 -0.2204825 -58.97997 -0.03684563 0.9993209 -0.0002534906 110.903 0.2203237 0.008370904 0.9753909 -129.0651 0 0 0 1
105 0 0.9746512 0.03536502 -0.2209169 -58.96799 -0.03659496 0.9993291 -0.001475822 111.0466 0.2207165 0.009522855 0.9752916 -129.864 0 0 0 1
105 1 0.9746512 0.03536502 -0.2209169 -59.50072 -0.03659496 0.9993291 -0.001475822 111.0466 0.2207165 0.009522855 0.9752916 -129.864 0 0 0 1
106 0 0.9744608 0.03469758 -0.2218607 -59.38496 -0.03646669 0.9993274 -0.003881323 111.3345 0.2215768 0.01187272 0.9750707 -130.4723 0 0 0 1
106 1 0.9744608 0.03469758 -0.2218607 -59.91768 -0.03646669 0.9993274 -0.003881323 111.3345 0.2215768 0.01187272 0.9750707 -130.4723 0 0 0 1
107 0 0.9742267 0.03470103 -0.2228859 -59.70974 -0.0367574 0.9993113 -0.005082916 111.5233 0.222556 0.01314462 0.9748313 -131.1965 0 0 0 1
107 1 0.9742267 0.03470103 -0.2228859 -60.24247 -0.0367574 0.9993113 -0.005082916 111.5233 0.222556 0.01314462 0.9748313 -131.1966 0 0 0 1
108 0 0.9739355 0.03564083 -0.2240076 -59.95984 -0.03792803 0.999263 -0.005914512 111.7514 0.2236317 0.01425652 0.9745694 -132.0123 0 0 0 1
108 1 0.9739355 0.03564083 -0.2240076 -60.49256 -0.03792803 0.999263 -0.005914512 111.7514 0.2236317 0.01425652 0.9745694 -132.0123 0 0 0 1
109 0 0.973638 0.03650089 -0.2251593 -60.15986 -0.03889401 0.9992241 -0.00620057 111.8975 0.2247583 0.01479446 0.9743022 -132.8027 0 0 0 1
109 1 0.973638 0.03650089 -0.2251593 -60.69259 -0.03889401 0.9992241 -0.00620057 111.8975 0.2247583 0.01479446 0.9743022 -132.8027 0 0 0 1
110 0 0.9733023 0.03733575 -0.2264701 -60.37864 -0.03990463 0.9991806 -0.006774009 112.0848 0.2260316 0.01563036 0.9739946 -133.6313 0 0 0 1
110 1 0.9733023 0.03733575 -0.2264701 -60.91136 -0.03990463 0.9991806 -0.006774009 112.0848 0.2260316 0.01563036 0.9739946 -133.6313 0 0 0 1
111 0 0.9729986 0.0384281 -0.2275894 -60.53934 -0.04087428 0.999146 -0.006043033 112.1143 0.2271628 0.01518242 0.9737384 -134.5034 0 0 0 1
111 1 0.9729986 0.0384281 -0.2275894 -61.07206 -0.04087428 0.999146 -0.006043033 112.1143 0.2271628 0.01518242 0.9737384 -134.5034 0 0 0 1
112 0 0.9727335 0.03903252 -0.2286177 -60.75824 -0.04149397 0.999121 -0.005967876 112.189 0.2281837 0.01529141 0.973498 -135.2959 0 0 0 1
112 1 0.9727335 0.03903252 -0.2286177 -61.29096 -0.04149397 0.999121 -0.005967876 112.189 0.2281837 0.01529141 0.973498 -135.2959 0 0 0 1
113 0 0.9724162 0.04045195 -0.2297181 -60.90894 -0.04298432 0.9990575 -0.006028358 112.3617 0.2292577 0.01573635 0.9732385 -136.1144 0 0 0 1
113 1 0.9724162 0.04045195 -0.2297181 -61.44167 -0.04298432 0.9990575 -0.006028358 112.3617 0.2292577 0.01573635 0.9732385 -136.1144 0 0 0 1
114 0 0.9722475 0.04077942 -0.230373 -61.1899 -0.04338344 0.9990389 -0.006247312 112.452 0.2298969 0.01606831 0.9730824 -136.8321 0 0 0 1
114 1 0.9722475 0.04077942 -0.230373 -61.72263 -0.04338344 0.9990389 -0.006247312 112.452 0.2298969 0.01606831 0.9730824 -136.8321 0 0 0 1
115 0 0.9720467 0.04049244 -0.2312695 -61.5332 -0.04320097 0.9990442 -0.006657284 112.5146 0.2307789 0.01646226 0.972867 -137.6161 0 0 0 1
115 1 0.9720467 0.04049244 -0.2312695 -62.06593 -0.04320097 0.9990442 -0.006657284 112.5146 0.2307789 0.01646226 0.972867 -137.6161 0 0 0 1
116 0 0.9718962 0.03998701 -0.2319886 -61.87508 -0.04268155 0.9990669 -0.006605274 112.4874 0.231508 0.01632128 0.9726961 -138.3617 0 0 0 1
116 1 0.9718962 0.03998701 -0.2319886 -62.4078 -0.04268155 0.9990669 -0.006605274 112.4874 0.231508 0.01632128 0.9726961 -138.3617 0 0 0 1
117 0 0.9717346 0.0400292 -0.2326575 -62.15338 -0.04264557 0.9990709 -0.00622445 112.4641 0.2321921 0.01597032 0.9725388 -139.1117 0 0 0 1
117 1 0.9717346 0.0400292 -0.2326575 -62.6861 -0.04264557 0.9990709 -0.00622445 112.4641 0.2321921 0.01597032 0.9725388 -139.1117 0 0 0 1
118 0 0.9715978 0.03929899 -0.2333524 -62.53935 -0.04189214 0.9991031 -0.00616481 112.414 0.2329008 0.01576535 0.9723727 -139.8912 0 0 0 1
118 1 0.9715978 0.03929899 -0.2333524 -63.07207 -0.04189214 0.9991031 -0.00616481 112.414 0.2329008 0.01576535 0.9723727 -139.8912 0 0 0 1
119 0 0.9714106 0.03883354 -0.2342082 -62.82529 -0.04139007 0.999125 -0.006008255 112.3718 0.2337699 0.01553037 0.9721679 -140.61 0 0 0 1
119 1 0.9714106 0.03883354 -0.2342082 -63.35802 -0.04139007 0.999125 -0.006008255 112.3718 0.2337699 0.01553037 0.9721679 -140.61 0 0 0 1
120 0 0.9712248 0.03809531 -0.235098 -63.16009 -0.04062679 0.9991568 -0.005931818 112.3155 0.2346738 0.0153124 0.9719536 -141.3699 0 0 0 1
120 1 0.9712248 0.03809531 -0.235098 -63.69281 -0.04062679 0.9991568 -0.005931818 112.3155 0.2346738 0.0153124 0.9719536 -141.3699 0 0 0 1
121 0 0.9710279 0.03818823 -0.2358952 -63.36852 -0.0407243 0.9991531 -0.005886273 112.3412 0.2354706 0.0153224 0.9717607 -142.0233 0 0 0 1
121 1 0.9710279 0.03818823 -0.2358952 -63.90125 -0.0407243 0.9991531 -0.005886273 112.3412 0.2354706 0.0153224 0.9717607 -142.0233 0 0 0 1
122 0 0.9708703 0.03789435 -0.2365902 -63.62512 -0.0404966 0.9991608 -0.006147347 112.373 0.2361587 0.01554937 0.9715901 -142.624 0 0 0 1
122 1 0.9708703 0.03789435 -0.2365902 -64.15784 -0.0404966 0.9991608 -0.006147347 112.3731 0.2361587 0.01554937 0.9715901 -142.624 0 0 0 1
123 0 0.9706168 0.03802786 -0.2376067 -63.80608 -0.04077772 0.999146 -0.006667141 112.4874 0.2371503 0.0161603 0.9713386 -143.2462 0 0 0 1
123 1 0.9706168 0.03802786 -0.2376067 -64.33881 -0.04077772 0.999146 -0.006667141 112.4874 0.2371503 0.0161603 0.9713386 -143.2462 0 0 0 1
124 0 0.9704103 0.0370926 -0.2385956 -64.06715 -0.03989194 0.9991801 -0.006912794 112.4528 0.2381436 0.01622629 0.9710944 -143.8542 0 0 0 1
124 1 0.9704103 0.0370926 -0.2385956 -64.59988 -0.03989194 0.9991801 -0.006912794 112.4528 0.2381436 0.01622629 0.9710944 -143.8542 0 0 0 1
125 0 0.9699674 0.0376258 -0.2403075 -64.07765 -0.04056016 0.9991506 -0.007274784 112.5845 0.2398296 0.01680321 0.9706696 -144.492 0 0 0 1
125 1 0.9699674 0.0376258 -0.2403075 -64.61038 -0.04056016 0.9991506 -0.007274784 112.5845 0.2398296 0.01680321 0.9706696 -144.492 0 0 0 1
126 0 0.969655 0.03771954 -0.2415498 -64.16759 -0.04072675 0.9991424 -0.007467222 112.6443 0.241061 0.01707817 0.9703597 -145.0564 0 0 0 1
126 1 0.969655 0.03771954 -0.2415498 -64.70032 -0.04072675 0.9991424 -0.007467222 112.6443 0.241061 0.01707817 0.9703597 -145.0564 0 0 0 1
127 0 0.9693338 0.03708437 -0.2429336 -64.33759 -0.04001128 0.9991738 -0.007123603 112.5521 0.2424687 0.01662523 0.9700168 -145.7526 0 0 0 1
127 1 0.9693338 0.03708437 -0.2429336 -64.87031 -0.04001128 0.9991738 -0.007123603 112.5521 0.2424687 0.01662523 0.9700168 -145.7526 0 0 0 1
128 0 0.9690946 0.03595476 -0.2440552 -64.5667 -0.03871924 0.9992287 -0.006537761 112.3693 0.2436319 0.01578534 0.9697393 -146.4124 0 0 0 1
128 1 0.9690946 0.03595476 -0.2440552 -65.09942 -0.03871924 0.9992287 -0.006537761 112.3693 0.2436319 0.01578534 0.9697393 -146.4124 0 0 0 1
129 0 0.9687802 0.03618428 -0.2452665 -64.6284 -0.03864165 0.9992396 -0.005212728 112.2111 0.2448913 0.01452749 0.9694417 -147.117 0 0 0 1
129 1 0.9687802 0.03618428 -0.2452665 -65.16113 -0.03864165 0.9992396 -0.005212728 112.2111 0.2448913 0.01452749 0.9694417 -147.117 0 0 0 1
130 0 0.9684747 0.03717039 -0.2463232 -64.65611 -0.03917871 0.9992269 -0.003255658 112.0336 0.2460118 0.01280365 0.9691823 -147.9029 0 0 0 1
130 1 0.9684747 0.03717039 -0.2463232 -65.18884 -0.03917871 0.9992269 -0.003255658 112.0336 0.2460118 0.01280365 0.9691823 -147.9029 0 0 0 1
131 0 0.9682168 0.03724971 -0.2473228 -64.76495 -0.039053 0.9992343 -0.002387913 111.9262 0.2470445 0.01197071 0.9689302 -148.5347 0 0 0 1
131 1 0.9682168 0.03724971 -0.2473228 -65.29768 -0.039053 0.9992343 -0.002387913 111.9262 0.2470445 0.01197071 0.9689302 -148.5347 0 0 0 1
132 0 0.9678504 0.03713589 -0.2487702 -64.85092 -0.0388963 0.9992409 -0.002163031 111.899 0.248501 0.01176973 0.9685601 -149.1746 0 0 0 1
132 1 0.9678504 0.03713589 -0.2487702 -65.38364 -0.0388963 0.9992409 -0.002163031 111.899 0.248501 0.01176973 0.9685601 -149.1746 0 0 0 1
133 0 0.9675822 0.03639166 -0.2499208 -65.02219 -0.03804581 0.9992744 -0.001789331 111.7809 0.2496744 0.01123976 0.9682646 -149.781 0 0 0 1
133 1 0.9675822 0.03639166 -0.2499208 -65.55491 -0.03804581 0.9992744 -0.001789331 111.7809 0.2496744 0.01123976 0.9682646 -149.781 0 0 0 1
134 0 0.9673688 0.036142 -0.2507814 -65.18201 -0.03770842 0.9992877 -0.001442282 111.717 0.2505506 0.01085179 0.9680427 -150.3539 0 0 0 1
134 1 0.9673688 0.036142 -0.2507814 -65.71474 -0.03770842 0.9992877 -0.001442282 111.717 0.2505506 0.01085179 0.9680427 -150.3539 0 0 0 1
135 0 0.9670914 0.03602704 -0.2518654 -65.31651 -0.03763275 0.9992904 -0.001559723 111.7406 0.2516305 0.01098678 0.967761 -150.924 0 0 0 1
135 1 0.9670914 0.03602704 -0.2518654 -65.84922 -0.03763275 0.9992904 -0.001559723 111.7406 0.2516305 0.01098678 0.967761 -150.924 0 0 0 1
136 0 0.9667969 0.03617198 -0.252973 -65.39016 -0.03774187 0.9992866 -0.001354074 111.7396 0.2527435 0.01085679 0.9674724 -151.4771 0 0 0 1
136 1 0.9667969 0.03617198 -0.252973 -65.92288 -0.03774187 0.9992866 -0.001354074 111.7396 0.2527435 0.01085679 0.9674724 -151.4771 0 0 0 1
137 0 0.9665637 0.0358385 -0.2539097 -65.56734 -0.037233 0.9993064 -0.0006869794 111.6164 0.253709 0.01011783 0.9672277 -152.1264 0 0 0 1
137 1 0.9665637 0.0358385 -0.2539097 -66.10007 -0.037233 0.9993064 -0.0006869794 111.6165 0.253709 0.01011783 0.9672277 -152.1264 0 0 0 1
138 0 0.966385 0.03506298 -0.2546971 -65.78909 -0.03651466 0.9993327 -0.0009723287 111.5941 0.254493 0.01023982 0.9670204 -152.6256 0 0 0 1
138 1 0.966385 0.03506298 -0.2546971 -66.32181 -0.03651466 0.9993327 -0.0009723287 111.5941 0.254493 0.01023982 0.9670204 -152.6256 0 0 0 1
139 0 0.9661355 0.03513094 -0.2556326 -65.89217 -0.03656724 0.9993308 -0.0008663852 111.5994 0.2554311 0.01018482 0.9667736 -153.1526 0 0 0 1
139 1 0.9661355 0.03513094 -0.2556326 -66.4249 -0.03656724 0.9993308 -0.0008663852 111.5994 0.2554311 0.01018482 0.9667736 -153.1526 0 0 0 1
140 0 0.9658664 0.03582273 -0.2565517 -65.9527 -0.03704968 0.9993134 5.103927E-05 111.5435 0.2563773 0.00945586 0.9665305 -153.7976 0 0 0 1
140 1 0.9658664 0.03582273 -0.2565517 -66.48543 -0.03704968 0.9993134 5.103927E-05 111.5435 0.2563773 0.00945586 0.9665305 -153.7976 0 0 0 1
141 0 0.965634 0.03633456 -0.2573532 -66.02512 -0.03740241 0.9993 0.0007463945 111.5017 0.2572002 0.008904885 0.9663171 -154.3662 0 0 0 1
141 1 0.965634 0.03633456 -0.2573532 -66.55785 -0.03740241 0.9993 0.0007463945 111.5017 0.2572002 0.008904885 0.9663171 -154.3663 0 0 0 1
142 0 0.9654001 0.03616469 -0.2582532 -66.1805 -0.0372319 0.9993064 0.0007586256 111.4969 0.2581016 0.008882882 0.966077 -154.9286 0 0 0 1
142 1 0.9654001 0.03616469 -0.2582532 -66.71323 -0.0372319 0.9993064 0.0007586256 111.497 0.2581016 0.008882882 0.966077 -154.9286 0 0 0 1
