frame cameraID r1,1 r1,2 r1,3 t1 r2,1 r2,2 r2,3 t2 r3,1 r3,2 r3,3 t3 0 0 0 1
0 0 0.690989 -0.01231958 -0.7227603 -1.137258 -0.00118805 0.9998341 -0.01817818 114.6491 0.7228643 0.0134196 0.6908597 0.4394673 0 0 0 1
0 1 0.690989 -0.01231958 -0.7227603 -1.669983 -0.00118805 0.9998341 -0.01817818 114.6491 0.7228643 0.0134196 0.6908597 0.4394674 0 0 0 1
1 0 0.6909331 -0.01239057 -0.7228125 -1.14498 -0.00110425 0.9998338 -0.01819487 114.6491 0.7229179 0.0133696 0.6908046 0.434244 0 0 0 1
1 1 0.6909331 -0.01239057 -0.7228125 -1.677705 -0.00110425 0.9998338 -0.01819487 114.6491 0.7229179 0.0133696 0.6908046 0.4342439 0 0 0 1
2 0 0.6909389 -0.01238957 -0.7228069 -1.143928 -0.00111636 0.9998336 -0.0182052 114.6491 0.7229122 0.0133856 0.6908102 0.4363661 0 0 0 1
2 1 0.6909389 -0.01238957 -0.7228069 -1.676653 -0.00111636 0.9998336 -0.0182052 114.6491 0.7229122 0.0133856 0.6908102 0.436366 0 0 0 1
3 0 0.6909186 -0.01236458 -0.7228267 -1.140679 -0.001136315 0.9998339 -0.01818918 114.6491 0.7229316 0.0133886 0.6907898 0.4373282 0 0 0 1
3 1 0.6909186 -0.01236458 -0.7228267 -1.673404 -0.001136315 0.9998339 -0.01818918 114.6491 0.7229316 0.0133886 0.6907898 0.437328 0 0 0 1
4 0 0.6909659 -0.01238657 -0.7227812 -1.142678 -0.001135109 0.9998333 -0.01821966 114.649 0.7228864 0.0134096 0.6908367 0.4403963 0 0 0 1
4 1 0.6909659 -0.01238657 -0.7227812 -1.675403 -0.001135109 0.9998333 -0.01821966 114.649 0.7228864 0.0134096 0.6908367 0.4403963 0 0 0 1
5 0 0.6909589 -0.01237657 -0.7227881 -1.141545 -0.001162438 0.9998331 -0.01823176 114.649 0.7228931 0.0134376 0.6908292 0.4439548 0 0 0 1
5 1 0.6909589 -0.01237657 -0.7227881 -1.67427 -0.001162438 0.9998331 -0.01823176 114.649 0.7228931 0.0134376 0.6908292 0.4439548 0 0 0 1
6 0 0.6909786 -0.01239957 -0.7227688 -1.143811 -0.00110845 0.9998335 -0.0182125 114.649 0.7228743 0.0133856 0.6908499 0.4383752 0 0 0 1
6 1 0.6909786 -0.01239957 -0.7227688 -1.676536 -0.00110845 0.9998335 -0.0182125 114.649 0.7228743 0.0133856 0.6908499 0.4383751 0 0 0 1
7 0 0.6909621 -0.01235058 -0.7227855 -1.137703 -0.001149232 0.999834 -0.01818327 114.6491 0.72289 0.0133946 0.6908332 0.4399233 0 0 0 1
7 1 0.6909621 -0.01235058 -0.7227855 -1.670428 -0.001149232 0.999834 -0.01818327 114.6491 0.72289 0.0133946 0.6908332 0.4399233 0 0 0 1
8 0 0.6909626 -0.01235457 -0.722785 -1.137779 -0.001180441 0.9998333 -0.01821863 114.6491 0.7228897 0.0134416 0.6908328 0.445652 0 0 0 1
8 1 0.6909626 -0.01235457 -0.722785 -1.670504 -0.001180441 0.9998333 -0.01821863 114.6491 0.7228897 0.0134416 0.6908328 0.4456521 0 0 0 1
9 0 0.6909443 -0.01243055 -0.7228012 -1.145901 -0.001160208 0.9998318 -0.01830393 114.649 0.7229072 0.01348559 0.6908136 0.4511225 0 0 0 1
9 1 0.6909443 -0.01243055 -0.7228012 -1.678626 -0.001160208 0.9998318 -0.01830393 114.649 0.7229072 0.01348559 0.6908136 0.4511225 0 0 0 1
10 0 0.6909489 -0.01238956 -0.7227974 -1.139991 -0.00116528 0.9998327 -0.01825219 114.649 0.7229027 0.0134536 0.6908189 0.4483629 0 0 0 1
10 1 0.6909489 -0.01238956 -0.7227974 -1.672716 -0.00116528 0.9998327 -0.01825219 114.649 0.7229027 0.0134536 0.6908189 0.4483629 0 0 0 1
11 0 0.6909299 -0.01241755 -0.722815 -1.141797 -0.001168834 0.999832 -0.01829381 114.649 0.7229208 0.01348459 0.6907992 0.4523287 0 0 0 1
11 1 0.6909299 -0.01241755 -0.722815 -1.674522 -0.001168834 0.999832 -0.01829381 114.649 0.7229208 0.01348459 0.6907992 0.4523288 0 0 0 1
12 0 0.6909084 -0.01247253 -0.7228347 -1.147341 -0.001167531 0.9998306 -0.01836807 114.6489 0.7229414 0.01353459 0.6907768 0.458483 0 0 0 1
12 1 0.6909084 -0.01247253 -0.7228347 -1.680067 -0.001167531 0.9998306 -0.01836807 114.6489 0.7229414 0.01353459 0.6907768 0.458483 0 0 0 1
13 0 0.6909156 -0.01243256 -0.7228286 -1.141927 -0.001124842 0.9998324 -0.01827217 114.649 0.7229345 0.0134376 0.6907859 0.4480187 0 0 0 1
13 1 0.6909156 -0.01243256 -0.7228286 -1.674653 -0.001124842 0.9998324 -0.01827217 114.649 0.7229345 0.0134376 0.6907859 0.4480187 0 0 0 1
14 0 0.6908901 -0.01245754 -0.7228525 -1.144057 -0.00115305 0.9998313 -0.01833303 114.6489 0.7229589 0.01349959 0.6907592 0.4557316 0 0 0 1
14 1 0.6908901 -0.01245754 -0.7228525 -1.676782 -0.00115305 0.9998313 -0.01833303 114.6489 0.7229589 0.01349959 0.6907592 0.4557316 0 0 0 1
15 0 0.6908293 -0.01246756 -0.7229104 -1.144518 -0.001088383 0.9998323 -0.01828353 114.649 0.7230171 0.0134176 0.6906998 0.446878 0 0 0 1
15 1 0.6908293 -0.01246756 -0.7229104 -1.677243 -0.001088383 0.9998323 -0.01828353 114.649 0.7230171 0.0134176 0.6906998 0.446878 0 0 0 1
16 0 0.6908054 -0.01246854 -0.7229332 -1.144239 -0.001139644 0.9998313 -0.01833325 114.6489 0.7230398 0.01348859 0.6906747 0.4551993 0 0 0 1
16 1 0.6908054 -0.01246854 -0.7229332 -1.676964 -0.001139644 0.9998313 -0.01833325 114.6489 0.7230398 0.01348859 0.6906747 0.4551993 0 0 0 1
17 0 0.690865 -0.01246757 -0.7228763 -1.143616 -0.001041198 0.9998331 -0.01823938 114.649 0.7229831 0.0133536 0.6907367 0.4400943 0 0 0 1
17 1 0.690865 -0.01246757 -0.7228763 -1.676342 -0.001041198 0.9998331 -0.01823938 114.649 0.7229831 0.0133536 0.6907367 0.4400942 0 0 0 1
18 0 0.6908624 -0.01242155 -0.7228796 -1.13744 -0.001158375 0.9998321 -0.01828762 114.649 0.7229854 0.01347159 0.690732 0.4539222 0 0 0 1
18 1 0.6908624 -0.01242155 -0.7228796 -1.670165 -0.001158375 0.9998321 -0.01828762 114.649 0.7229854 0.01347159 0.690732 0.4539222 0 0 0 1
19 0 0.6908689 -0.01246555 -0.7228726 -1.141517 -0.001127091 0.9998316 -0.01831875 114.649 0.7229792 0.01347059 0.6907384 0.4542606 0 0 0 1
19 1 0.6908689 -0.01246555 -0.7228726 -1.674242 -0.001127091 0.9998316 -0.01831875 114.649 0.7229792 0.01347059 0.6907384 0.4542605 0 0 0 1
20 0 0.6908392 -0.01253452 -0.7228999 -1.148503 -0.00111923 0.9998299 -0.01840587 114.6489 0.7230076 0.01352459 0.6907077 0.4604445 0 0 0 1
20 1 0.6908392 -0.01253452 -0.7228999 -1.681228 -0.00111923 0.9998299 -0.01840587 114.6489 0.7230076 0.01352459 0.6907077 0.4604445 0 0 0 1
21 0 0.6908906 -0.01249753 -0.7228514 -1.143494 -0.001156498 0.9998302 -0.01839164 114.6489 0.7229584 0.01354259 0.6907588 0.4625612 0 0 0 1
21 1 0.6908906 -0.01249753 -0.7228514 -1.676219 -0.001156498 0.9998302 -0.01839164 114.6489 0.7229584 0.01354259 0.6907588 0.4625611 0 0 0 1
22 0 0.6908569 -0.01251053 -0.7228833 -1.144186 -0.001119446 0.9998305 -0.01837336 114.6489 0.7229907 0.01350259 0.6907259 0.4578755 0 0 0 1
22 1 0.6908569 -0.01251053 -0.7228833 -1.676912 -0.001119446 0.9998305 -0.01837336 114.6489 0.7229907 0.01350259 0.6907259 0.4578756 0 0 0 1
23 0 0.6908456 -0.01251453 -0.7228941 -1.143981 -0.001126375 0.9998304 -0.01838521 114.6489 0.7230015 0.01351559 0.6907142 0.4594093 0 0 0 1
23 1 0.6908456 -0.01251453 -0.7228941 -1.676706 -0.001126375 0.9998304 -0.01838521 114.6489 0.7230015 0.01351559 0.6907142 0.4594094 0 0 0 1
24 0 0.6908726 -0.01257053 -0.7228673 -1.14961 -0.001050118 0.9998303 -0.01839051 114.6489 0.7229758 0.01346459 0.6907421 0.4533976 0 0 0 1
24 1 0.6908726 -0.01257053 -0.7228673 -1.682335 -0.001050118 0.9998303 -0.01839051 114.6489 0.7229758 0.01346459 0.6907421 0.4533977 0 0 0 1
25 0 0.690838 -0.01252052 -0.722901 -1.143128 -0.001157857 0.9998296 -0.01842337 114.6489 0.7230086 0.01356458 0.6907058 0.4645135 0 0 0 1
25 1 0.690838 -0.01252052 -0.722901 -1.675853 -0.001157857 0.9998296 -0.01842337 114.6489 0.7230086 0.01356458 0.6907058 0.4645134 0 0 0 1
26 0 0.690854 -0.01249954 -0.7228863 -1.140045 -0.001123505 0.9998308 -0.01836195 114.649 0.7229935 0.01349759 0.690723 0.4565857 0 0 0 1
26 1 0.690854 -0.01249954 -0.7228863 -1.67277 -0.001123505 0.9998308 -0.01836195 114.649 0.7229935 0.01349759 0.690723 0.4565856 0 0 0 1
27 0 0.6908952 -0.01251552 -0.7228467 -1.141014 -0.001154793 0.9998298 -0.01841502 114.649 0.7229541 0.01355758 0.6907631 0.4628339 0 0 0 1
27 1 0.6908952 -0.01251552 -0.7228467 -1.673739 -0.001154793 0.9998298 -0.01841502 114.649 0.7229541 0.01355758 0.6907631 0.462834 0 0 0 1
28 0 0.6908448 -0.01249653 -0.7228951 -1.138149 -0.001146783 0.9998304 -0.01837979 114.649 0.7230021 0.01352659 0.6907133 0.4591294 0 0 0 1
28 1 0.6908448 -0.01249653 -0.7228951 -1.670875 -0.001146783 0.9998304 -0.01837979 114.649 0.7230021 0.01352659 0.6907133 0.4591293 0 0 0 1
29 0 0.6908906 -0.01256051 -0.7228503 -1.144545 -0.001165764 0.9998284 -0.0184876 114.6489 0.7229584 0.01361558 0.6907574 0.4692859 0 0 0 1
29 1 0.6908906 -0.01256051 -0.7228503 -1.67727 -0.001165764 0.9998284 -0.0184876 114.6489 0.7229584 0.01361558 0.6907574 0.469286 0 0 0 1
30 0 0.6908664 -0.01251253 -0.7228742 -1.138362 -0.001114932 0.9998306 -0.01837205 114.649 0.7229816 0.01349859 0.6907353 0.4556455 0 0 0 1
30 1 0.6908664 -0.01251253 -0.7228742 -1.671087 -0.001114932 0.9998306 -0.01837205 114.649 0.7229816 0.01349859 0.6907353 0.4556455 0 0 0 1
31 0 0.6908499 -0.01250352 -0.7228901 -1.137014 -0.001196054 0.9998293 -0.01843666 114.649 0.7229972 0.01360158 0.690717 0.4669853 0 0 0 1
31 1 0.6908499 -0.01250352 -0.7228901 -1.669739 -0.001196054 0.9998293 -0.01843666 114.649 0.7229972 0.01360158 0.690717 0.4669852 0 0 0 1
32 0 0.6908433 -0.01249553 -0.7228966 -1.135561 -0.001137388 0.9998306 -0.0183694 114.6491 0.7230036 0.01351259 0.6907121 0.45652 0 0 0 1
32 1 0.6908433 -0.01249553 -0.7228966 -1.668286 -0.001137388 0.9998306 -0.0183694 114.6491 0.7230036 0.01351259 0.6907121 0.4565201 0 0 0 1
33 0 0.6909031 -0.01249553 -0.7228394 -1.134956 -0.001174194 0.9998299 -0.0184061 114.6491 0.7229465 0.01356559 0.6907709 0.4621028 0 0 0 1
33 1 0.6909031 -0.01249553 -0.7228394 -1.667681 -0.001174194 0.9998299 -0.0184061 114.6491 0.7229465 0.01356559 0.6907709 0.4621028 0 0 0 1
34 0 0.6908498 -0.01247653 -0.7228907 -1.132101 -0.001203864 0.9998298 -0.01840678 114.6491 0.7229974 0.01358658 0.6907172 0.4644398 0 0 0 1
34 1 0.6908498 -0.01247653 -0.7228907 -1.664826 -0.001203864 0.9998298 -0.01840678 114.6491 0.7229974 0.01358658 0.6907172 0.4644397 0 0 0 1
35 0 0.6909307 -0.01248654 -0.7228131 -1.133202 -0.001138491 0.9998308 -0.01836027 114.6491 0.7229201 0.01350859 0.6907996 0.4554685 0 0 0 1
35 1 0.6909307 -0.01248654 -0.7228131 -1.665927 -0.001138491 0.9998308 -0.01836027 114.6491 0.7229201 0.01350859 0.6907996 0.4554685 0 0 0 1
36 0 0.6909351 -0.01250853 -0.7228085 -1.135674 -0.001133303 0.9998303 -0.01838585 114.6491 0.7229158 0.01352259 0.6908038 0.4570193 0 0 0 1
36 1 0.6909351 -0.01250853 -0.7228085 -1.668398 -0.001133303 0.9998303 -0.01838585 114.6491 0.7229158 0.01352259 0.6908038 0.4570191 0 0 0 1
37 0 0.6909495 -0.01252153 -0.7227946 -1.137076 -0.001117447 0.9998303 -0.01838905 114.6491 0.7229022 0.01351359 0.6908182 0.4559809 0 0 0 1
37 1 0.6909495 -0.01252153 -0.7227946 -1.669801 -0.001117447 0.9998303 -0.01838905 114.6491 0.7229022 0.01351359 0.6908182 0.4559807 0 0 0 1
38 0 0.6909667 -0.01253553 -0.7227779 -1.138633 -0.001081304 0.9998306 -0.01837433 114.6491 0.7228858 0.01347759 0.6908361 0.4515525 0 0 0 1
38 1 0.6909667 -0.01253553 -0.7227779 -1.671359 -0.001081304 0.9998306 -0.01837433 114.6491 0.7228858 0.01347759 0.6908361 0.4515525 0 0 0 1
39 0 0.6909428 -0.01252954 -0.7228008 -1.137763 -0.001083891 0.9998307 -0.01836788 114.6491 0.7229086 0.01347459 0.6908122 0.4512165 0 0 0 1
39 1 0.6909428 -0.01252954 -0.7228008 -1.670488 -0.001083891 0.9998307 -0.01836788 114.6491 0.7229086 0.01347459 0.6908122 0.4512165 0 0 0 1
40 0 0.6908839 -0.01248253 -0.722858 -1.132565 -0.00116269 0.9998305 -0.01837664 114.6491 0.7229648 0.01353658 0.6907523 0.4580234 0 0 0 1
40 1 0.6908839 -0.01248253 -0.722858 -1.66529 -0.00116269 0.9998305 -0.01837664 114.6491 0.7229648 0.01353658 0.6907523 0.4580235 0 0 0 1
41 0 0.690861 -0.01248654 -0.7228798 -1.132741 -0.001115674 0.9998313 -0.01833667 114.6491 0.7229867 0.01347459 0.6907306 0.4507778 0 0 0 1
41 1 0.690861 -0.01248654 -0.7228798 -1.665467 -0.001115674 0.9998313 -0.01833667 114.6491 0.7229867 0.01347459 0.6907306 0.4507779 0 0 0 1
42 0 0.6908262 -0.01250253 -0.7229128 -1.135183 -0.001160465 0.99983 -0.01840068 114.6491 0.72302 0.01355059 0.6906943 0.459126 0 0 0 1
42 1 0.6908262 -0.01250253 -0.7229128 -1.667908 -0.001160465 0.99983 -0.01840068 114.6491 0.72302 0.01355059 0.6906943 0.4591259 0 0 0 1
43 0 0.6908104 -0.01244953 -0.7229287 -1.129464 -0.00120182 0.9998306 -0.01836648 114.6491 0.7230349 0.01355658 0.6906785 0.4596319 0 0 0 1
43 1 0.6908104 -0.01244953 -0.7229287 -1.662189 -0.00120182 0.9998306 -0.01836648 114.6491 0.7230349 0.01355658 0.6906785 0.4596318 0 0 0 1
44 0 0.6908947 -0.01242655 -0.7228486 -1.127657 -0.001190983 0.9998313 -0.01832651 114.6492 0.7229545 0.01352259 0.6907634 0.4553496 0 0 0 1
44 1 0.6908947 -0.01242655 -0.7228486 -1.660382 -0.001190983 0.9998313 -0.01832651 114.6492 0.7229545 0.01352259 0.6907634 0.4553496 0 0 0 1
45 0 0.6908202 -0.01241955 -0.7229199 -1.127176 -0.00119843 0.9998314 -0.01832202 114.6492 0.7230256 0.01352359 0.6906888 0.4551268 0 0 0 1
45 1 0.6908202 -0.01241955 -0.7229199 -1.659901 -0.00119843 0.9998314 -0.01832202 114.6492 0.7230256 0.01352359 0.6906888 0.4551266 0 0 0 1
46 0 0.6907879 -0.01244855 -0.7229503 -1.130534 -0.001127144 0.999832 -0.01829321 114.6492 0.7230566 0.01345159 0.6906578 0.4465543 0 0 0 1
46 1 0.6907879 -0.01244855 -0.7229503 -1.663259 -0.001127144 0.999832 -0.01829321 114.6492 0.7230566 0.01345159 0.6906578 0.4465542 0 0 0 1
47 0 0.6907443 -0.01241755 -0.7229924 -1.126946 -0.001204626 0.9998314 -0.01832321 114.6492 0.723098 0.01352759 0.6906129 0.454953 0 0 0 1
47 1 0.6907443 -0.01241755 -0.7229924 -1.659671 -0.001204626 0.9998314 -0.01832321 114.6492 0.723098 0.01352759 0.6906129 0.454953 0 0 0 1
48 0 0.6907277 -0.01239655 -0.7230088 -1.125338 -0.001225338 0.9998316 -0.01831352 114.6492 0.723114 0.01353559 0.6905962 0.4553694 0 0 0 1
48 1 0.6907277 -0.01239655 -0.7230088 -1.658063 -0.001225338 0.9998316 -0.01831352 114.6492 0.723114 0.01353559 0.6905962 0.4553695 0 0 0 1
49 0 0.6907595 -0.01241854 -0.722978 -1.12847 -0.001206445 0.9998313 -0.01832672 114.6492 0.7230836 0.01353159 0.690628 0.4540864 0 0 0 1
49 1 0.6907595 -0.01241854 -0.722978 -1.661195 -0.001206445 0.9998313 -0.01832672 114.6492 0.7230836 0.01353159 0.690628 0.4540864 0 0 0 1
50 0 0.6907296 -0.01239054 -0.7230071 -1.126041 -0.001262708 0.999831 -0.01834095 114.6492 0.7231121 0.01358158 0.6905972 0.4588993 0 0 0 1
50 1 0.6907296 -0.01239054 -0.7230071 -1.658766 -0.001262708 0.999831 -0.01834095 114.6492 0.7231121 0.01358158 0.6905972 0.4588993 0 0 0 1
51 0 0.6907442 -0.01239155 -0.7229931 -1.126898 -0.001212463 0.9998319 -0.01829474 114.6492 0.7230982 0.01351359 0.690613 0.4502138 0 0 0 1
51 1 0.6907442 -0.01239155 -0.7229931 -1.659623 -0.001212463 0.9998319 -0.01829474 114.6492 0.7230982 0.01351359 0.690613 0.450214 0 0 0 1
52 0 0.6907463 -0.01231456 -0.7229924 -1.118234 -0.001277889 0.9998326 -0.01825082 114.6493 0.7230961 0.01353059 0.6906149 0.4517239 0 0 0 1
52 1 0.6907463 -0.01231456 -0.7229924 -1.650959 -0.001277889 0.9998326 -0.01825082 114.6493 0.7230961 0.01353059 0.6906149 0.4517239 0 0 0 1
53 0 0.6908091 -0.01232856 -0.7229322 -1.120332 -0.00125434 0.9998327 -0.01824931 114.6493 0.7230362 0.01351359 0.690678 0.4494873 0 0 0 1
53 1 0.6908091 -0.01232856 -0.7229322 -1.653057 -0.00125434 0.9998327 -0.01824931 114.6493 0.7230362 0.01351359 0.690678 0.4494873 0 0 0 1
54 0 0.6908107 -0.01234155 -0.7229304 -1.122176 -0.001308962 0.9998313 -0.01831948 114.6492 0.7230346 0.01360158 0.690678 0.4591477 0 0 0 1
54 1 0.6908107 -0.01234155 -0.7229304 -1.654901 -0.001308962 0.9998313 -0.01831948 114.6492 0.7230346 0.01360158 0.690678 0.4591477 0 0 0 1
55 0 0.6908243 -0.01234456 -0.7229174 -1.123376 -0.00123495 0.9998326 -0.0182533 114.6493 0.7230217 0.01350259 0.6906934 0.4471486 0 0 0 1
55 1 0.6908243 -0.01234456 -0.7229174 -1.656101 -0.00123495 0.9998326 -0.0182533 114.6493 0.7230217 0.01350259 0.6906934 0.4471487 0 0 0 1
56 0 0.6907845 -0.01234456 -0.7229554 -1.12428 -0.001237399 0.9998326 -0.01825462 114.6493 0.7230597 0.01350459 0.6906536 0.4467538 0 0 0 1
56 1 0.6907845 -0.01234456 -0.7229554 -1.657005 -0.001237399 0.9998326 -0.01825462 114.6493 0.7230597 0.01350459 0.6906536 0.4467538 0 0 0 1
57 0 0.6907448 -0.01234456 -0.7229933 -1.125184 -0.001239849 0.9998326 -0.01825593 114.6493 0.7230976 0.01350659 0.6906138 0.4463586 0 0 0 1
57 1 0.6907448 -0.01234456 -0.7229933 -1.657909 -0.001239849 0.9998326 -0.01825593 114.6493 0.7230976 0.01350659 0.6906138 0.4463585 0 0 0 1
58 0 0.6907393 -0.01232356 -0.7229989 -1.12371 -0.001282698 0.9998323 -0.01826767 114.6493 0.7231027 0.01354559 0.6906077 0.4506135 0 0 0 1
58 1 0.6907393 -0.01232356 -0.7229989 -1.656435 -0.001282698 0.9998323 -0.01826767 114.6493 0.7231027 0.01354559 0.6906077 0.4506136 0 0 0 1
59 0 0.6907391 -0.01232356 -0.7229991 -1.124666 -0.001261731 0.9998327 -0.01824764 114.6493 0.723103 0.01351659 0.690608 0.4470929 0 0 0 1
59 1 0.6907391 -0.01232356 -0.7229991 -1.657391 -0.001261731 0.9998327 -0.01824764 114.6493 0.723103 0.01351659 0.690608 0.4470929 0 0 0 1
60 0 0.6907231 -0.01231156 -0.7230146 -1.124537 -0.001265361 0.9998329 -0.0182341 114.6493 0.7231183 0.01350959 0.6905921 0.4458328 0 0 0 1
60 1 0.6907231 -0.01231156 -0.7230146 -1.657262 -0.001265361 0.9998329 -0.0182341 114.6493 0.7231183 0.01350959 0.6905921 0.4458327 0 0 0 1
61 0 0.6907498 -0.01231958 -0.722989 -1.126399 -0.001196238 0.999834 -0.01817986 114.6493 0.7230929 0.0134226 0.6906204 0.4355268 0 0 0 1
61 1 0.6907498 -0.01231958 -0.722989 -1.659123 -0.001196238 0.999834 -0.01817986 114.6493 0.7230929 0.0134226 0.6906204 0.4355268 0 0 0 1
62 0 0.6907437 -0.01225557 -0.7229959 -1.120629 -0.001340408 0.9998329 -0.01822887 114.6493 0.7230985 0.01356059 0.6906118 0.4506008 0 0 0 1
62 1 0.6907437 -0.01225557 -0.7229959 -1.653354 -0.001340408 0.9998329 -0.01822887 114.6493 0.7230985 0.01356059 0.6906118 0.4506006 0 0 0 1
63 0 0.6907026 -0.01227458 -0.7230348 -1.123839 -0.001279134 0.9998336 -0.01819558 114.6493 0.7231378 0.01349259 0.690572 0.4423608 0 0 0 1
63 1 0.6907026 -0.01227458 -0.7230348 -1.656564 -0.001279134 0.9998336 -0.01819558 114.6493 0.7231378 0.01349259 0.690572 0.4423607 0 0 0 1
64 0 0.6906963 -0.01216959 -0.7230425 -1.112997 -0.001376406 0.9998345 -0.01814312 114.6494 0.7231436 0.01352659 0.6905652 0.4458722 0 0 0 1
64 1 0.6906963 -0.01216959 -0.7230425 -1.645722 -0.001376406 0.9998345 -0.01814312 114.6494 0.7231436 0.01352659 0.6905652 0.4458722 0 0 0 1
65 0 0.6907272 -0.01230057 -0.7230109 -1.128812 -0.001260557 0.9998333 -0.01821442 114.6493 0.7231144 0.01349259 0.6905966 0.4417077 0 0 0 1
65 1 0.6907272 -0.01230057 -0.7230109 -1.661537 -0.001260557 0.9998333 -0.01821442 114.6493 0.7231144 0.01349259 0.6905966 0.4417077 0 0 0 1
66 0 0.690714 -0.01234055 -0.7230228 -1.134652 -0.001275213 0.999832 -0.01828337 114.6492 0.7231269 0.01355059 0.6905823 0.4480355 0 0 0 1
66 1 0.690714 -0.01234055 -0.7230228 -1.667377 -0.001275213 0.999832 -0.01828337 114.6492 0.7231269 0.01355059 0.6905823 0.4480355 0 0 0 1
67 0 0.6906674 -0.01225259 -0.7230688 -1.125862 -0.001254707 0.9998347 -0.01814094 114.6493 0.7231715 0.0134366 0.6905378 0.4346508 0 0 0 1
67 1 0.6906674 -0.01225259 -0.7230688 -1.658587 -0.001254707 0.9998347 -0.01814094 114.6493 0.7231715 0.0134366 0.6905378 0.4346508 0 0 0 1
68 0 0.6907487 -0.0122246 -0.7229916 -1.123867 -0.001240185 0.9998356 -0.01809045 114.6494 0.7230939 0.0133926 0.6906199 0.429432 0 0 0 1
68 1 0.6907487 -0.0122246 -0.7229916 -1.656592 -0.001240185 0.9998356 -0.01809045 114.6494 0.7230939 0.0133926 0.6906199 0.4294321 0 0 0 1
69 0 0.690751 -0.01225258 -0.7229889 -1.128053 -0.001285156 0.9998341 -0.01817216 114.6493 0.7230915 0.01348159 0.6906207 0.4393596 0 0 0 1
69 1 0.690751 -0.01225258 -0.7229889 -1.660778 -0.001285156 0.9998341 -0.01817216 114.6493 0.7230915 0.01348159 0.6906207 0.4393595 0 0 0 1
70 0 0.69085 -0.01223359 -0.7228946 -1.126953 -0.001245171 0.9998352 -0.01811025 114.6493 0.722997 0.0134116 0.690721 0.4312232 0 0 0 1
70 1 0.69085 -0.01223359 -0.7228946 -1.659678 -0.001245171 0.9998352 -0.01811025 114.6493 0.722997 0.0134116 0.690721 0.4312233 0 0 0 1
71 0 0.6908478 -0.01222658 -0.7228969 -1.126654 -0.00130647 0.9998342 -0.01815907 114.6493 0.7229991 0.01348959 0.6907173 0.4403249 0 0 0 1
71 1 0.6908478 -0.01222658 -0.7228969 -1.659379 -0.00130647 0.9998342 -0.01815907 114.6493 0.7229991 0.01348959 0.6907173 0.4403248 0 0 0 1
72 0 0.6908771 -0.01226958 -0.7228681 -1.132061 -0.00124927 0.9998342 -0.01816464 114.6493 0.7229711 0.0134526 0.6907473 0.4361817 0 0 0 1
72 1 0.6908771 -0.01226958 -0.7228681 -1.664786 -0.00124927 0.9998342 -0.01816464 114.6493 0.7229711 0.0134526 0.6907473 0.4361816 0 0 0 1
73 0 0.6909078 -0.01231257 -0.7228379 -1.137219 -0.001245545 0.9998332 -0.01822134 114.6492 0.7229418 0.01348959 0.6907773 0.4408275 0 0 0 1
73 1 0.6909078 -0.01231257 -0.7228379 -1.669944 -0.001245545 0.9998332 -0.01822134 114.6492 0.7229418 0.01348959 0.6907773 0.4408274 0 0 0 1
74 0 0.690886 -0.0122386 -0.7228602 -1.12973 -0.001225631 0.9998354 -0.01809943 114.6493 0.7229627 0.0133906 0.6907573 0.4298174 0 0 0 1
74 1 0.690886 -0.0122386 -0.7228602 -1.662455 -0.001225631 0.9998354 -0.01809943 114.6493 0.7229627 0.0133906 0.6907573 0.4298174 0 0 0 1
75 0 0.6909295 -0.01229957 -0.7228176 -1.137931 -0.001235906 0.9998337 -0.01819471 114.6492 0.7229212 0.01346459 0.6907994 0.4384523 0 0 0 1
75 1 0.6909295 -0.01229957 -0.7228176 -1.670656 -0.001235906 0.9998337 -0.01819471 114.6492 0.7229212 0.01346459 0.6907994 0.4384524 0 0 0 1
76 0 0.6908724 -0.01224559 -0.722873 -1.132707 -0.001237764 0.9998351 -0.01812035 114.6492 0.7229757 0.0134136 0.6907433 0.4327067 0 0 0 1
76 1 0.6908724 -0.01224559 -0.722873 -1.665432 -0.001237764 0.9998351 -0.01812035 114.6492 0.7229757 0.0134136 0.6907433 0.4327067 0 0 0 1
77 0 0.6909128 -0.01229359 -0.7228335 -1.138545 -0.001184069 0.9998348 -0.01813647 114.6492 0.7229371 0.0133866 0.6907841 0.4301967 0 0 0 1
77 1 0.6909128 -0.01229359 -0.7228335 -1.67127 -0.001184069 0.9998348 -0.01813647 114.6492 0.7229371 0.0133866 0.6907841 0.4301966 0 0 0 1
78 0 0.6909528 -0.01232158 -0.7227949 -1.141744 -0.001185412 0.9998341 -0.01817749 114.6491 0.722899 0.0134166 0.6908236 0.4340658 0 0 0 1
78 1 0.6909528 -0.01232158 -0.7227949 -1.674469 -0.001185412 0.9998341 -0.01817749 114.6491 0.722899 0.0134166 0.6908236 0.4340659 0 0 0 1
79 0 0.6909083 -0.01228859 -0.722838 -1.138203 -0.00117462 0.9998351 -0.01812041 114.6492 0.7229415 0.0133686 0.6907799 0.4289934 0 0 0 1
79 1 0.6909083 -0.01228859 -0.722838 -1.670928 -0.00117462 0.9998351 -0.01812041 114.6492 0.7229415 0.0133686 0.6907799 0.4289933 0 0 0 1
80 0 0.6909524 -0.01228658 -0.7227959 -1.138091 -0.00123274 0.9998341 -0.0181743 114.6491 0.7228993 0.01344859 0.6908226 0.43877 0 0 0 1
80 1 0.6909524 -0.01228658 -0.7227959 -1.670816 -0.00123274 0.9998341 -0.0181743 114.6491 0.7228993 0.01344859 0.6908226 0.4387701 0 0 0 1
81 0 0.6909236 -0.01231359 -0.7228229 -1.141549 -0.001162749 0.9998347 -0.01814403 114.6491 0.7229269 0.0133766 0.6907951 0.4308419 0 0 0 1
81 1 0.6909236 -0.01231359 -0.7228229 -1.674274 -0.001162749 0.9998347 -0.01814403 114.6491 0.7229269 0.0133766 0.6907951 0.430842 0 0 0 1
82 0 0.6910121 -0.01230757 -0.7227384 -1.140851 -0.001246375 0.9998333 -0.0182179 114.6491 0.7228421 0.01348959 0.6908815 0.4436405 0 0 0 1
82 1 0.6910121 -0.01230757 -0.7227384 -1.673576 -0.001246375 0.9998333 -0.0182179 114.6491 0.7228421 0.01348959 0.6908815 0.4436405 0 0 0 1
83 0 0.6910331 -0.01232058 -0.7227181 -1.14273 -0.001184084 0.9998341 -0.0181769 114.6491 0.7228222 0.0134166 0.6909038 0.4350148 0 0 0 1
83 1 0.6910331 -0.01232058 -0.7227181 -1.675455 -0.001184084 0.9998341 -0.0181769 114.6491 0.7228222 0.0134166 0.6909038 0.4350148 0 0 0 1
84 0 0.6910977 -0.01230558 -0.7226566 -1.141415 -0.00122174 0.9998337 -0.0181938 114.6491 0.7227603 0.01345659 0.6909677 0.4395116 0 0 0 1
84 1 0.6910977 -0.01230558 -0.7226566 -1.67414 -0.00122174 0.9998337 -0.0181938 114.6491 0.7227603 0.01345659 0.6909677 0.4395116 0 0 0 1
85 0 0.6910765 -0.01232958 -0.7226765 -1.144588 -0.001173157 0.9998341 -0.01818002 114.6491 0.7227807 0.0134116 0.6909473 0.4343069 0 0 0 1
85 1 0.6910765 -0.01232958 -0.7226765 -1.677313 -0.001173157 0.9998341 -0.01818002 114.6491 0.7227807 0.0134116 0.6909473 0.4343069 0 0 0 1
86 0 0.6911257 -0.01230958 -0.7226298 -1.142749 -0.00120598 0.9998339 -0.01818499 114.6491 0.7227336 0.01343959 0.6909961 0.4377545 0 0 0 1
86 1 0.6911257 -0.01230958 -0.7226298 -1.675474 -0.00120598 0.9998339 -0.01818499 114.6491 0.7227336 0.01343959 0.6909961 0.4377545 0 0 0 1
87 0 0.6911374 -0.01235258 -0.7226178 -1.147678 -0.001125365 0.9998343 -0.01816772 114.6491 0.7227225 0.0133696 0.691009 0.4296902 0 0 0 1
87 1 0.6911374 -0.01235258 -0.7226178 -1.680403 -0.001125365 0.9998343 -0.01816772 114.6491 0.7227225 0.0133696 0.691009 0.4296902 0 0 0 1
88 0 0.6912014 -0.01237957 -0.7225562 -1.150543 -0.001128951 0.9998335 -0.01821013 114.649 0.7226613 0.0134026 0.6910724 0.4337189 0 0 0 1
88 1 0.6912014 -0.01237957 -0.7225562 -1.683268 -0.001128951 0.9998335 -0.01821013 114.649 0.7226613 0.0134026 0.6910724 0.4337189 0 0 0 1
89 0 0.6912141 -0.01235258 -0.7225445 -1.14791 -0.001129944 0.9998342 -0.01817406 114.6491 0.7226492 0.0133786 0.6910856 0.4312613 0 0 0 1
89 1 0.6912141 -0.01235258 -0.7225445 -1.680635 -0.001129944 0.9998342 -0.01817406 114.6491 0.7226492 0.0133786 0.6910856 0.4312614 0 0 0 1
90 0 0.6912743 -0.01237457 -0.7224864 -1.150126 -0.001134182 0.9998335 -0.01821009 114.649 0.7225915 0.0134076 0.6911452 0.4347904 0 0 0 1
90 1 0.6912743 -0.01237457 -0.7224864 -1.682851 -0.001134182 0.9998335 -0.01821009 114.649 0.7225915 0.0134076 0.6911452 0.4347906 0 0 0 1
91 0 0.691269 -0.01236056 -0.7224917 -1.14857 -0.00118808 0.9998329 -0.01824212 114.649 0.7225965 0.01346859 0.6911389 0.4416418 0 0 0 1
91 1 0.691269 -0.01236056 -0.7224917 -1.681295 -0.00118808 0.9998329 -0.01824212 114.649 0.7225965 0.01346859 0.6911389 0.4416418 0 0 0 1
92 0 0.6913078 -0.01237057 -0.7224544 -1.149874 -0.001150558 0.9998333 -0.01822107 114.649 0.7225595 0.0134276 0.6911784 0.4370679 0 0 0 1
92 1 0.6913078 -0.01237057 -0.7224544 -1.682599 -0.001150558 0.9998333 -0.01822107 114.649 0.7225595 0.0134276 0.6911784 0.437068 0 0 0 1
93 0 0.6912756 -0.01230657 -0.7224864 -1.14236 -0.001220184 0.9998336 -0.01819828 114.6491 0.7225902 0.0134616 0.6911455 0.4412199 0 0 0 1
93 1 0.6912756 -0.01230657 -0.7224864 -1.675085 -0.001220184 0.9998336 -0.01819828 114.6491 0.7225902 0.0134616 0.6911455 0.4412199 0 0 0 1
94 0 0.6912901 -0.01237558 -0.7224714 -1.15023 -0.001115026 0.9998339 -0.01819356 114.649 0.7225765 0.0133826 0.6911615 0.4324661 0 0 0 1
94 1 0.6912901 -0.01237558 -0.7224714 -1.682955 -0.001115026 0.9998339 -0.01819356 114.649 0.7225765 0.0133826 0.6911615 0.4324661 0 0 0 1
95 0 0.691336 -0.01237357 -0.7224275 -1.149819 -0.00114416 0.9998333 -0.01821983 114.649 0.7225326 0.0134226 0.6912066 0.4373552 0 0 0 1
95 1 0.691336 -0.01237357 -0.7224275 -1.682544 -0.00114416 0.9998333 -0.01821983 114.649 0.7225326 0.0134226 0.6912066 0.4373552 0 0 0 1
96 0 0.691294 -0.01232858 -0.7224685 -1.144972 -0.001180663 0.9998338 -0.0181914 114.6491 0.7225727 0.0134286 0.6911646 0.4380427 0 0 0 1
96 1 0.691294 -0.01232858 -0.7224685 -1.677697 -0.001180663 0.9998338 -0.0181914 114.6491 0.7225727 0.0134286 0.6911646 0.4380426 0 0 0 1
97 0 0.6912941 -0.01235157 -0.722468 -1.146594 -0.001169819 0.9998335 -0.01821286 114.649 0.7225726 0.0134356 0.6911645 0.4392868 0 0 0 1
97 1 0.6912941 -0.01235157 -0.722468 -1.679319 -0.001169819 0.9998335 -0.01821286 114.649 0.7225726 0.0134356 0.6911645 0.4392866 0 0 0 1
98 0 0.6913204 -0.01240356 -0.7224419 -1.151563 -0.001145496 0.9998326 -0.01826221 114.649 0.7225475 0.01345259 0.6911904 0.4414469 0 0 0 1
98 1 0.6913204 -0.01240356 -0.7224419 -1.684288 -0.001145496 0.9998326 -0.01826221 114.649 0.7225475 0.01345259 0.6911904 0.4414469 0 0 0 1
99 0 0.6913134 -0.01243955 -0.7224481 -1.154509 -0.001142467 0.9998317 -0.01830895 114.6489 0.7225543 0.01348259 0.6911829 0.4448593 0 0 0 1
99 1 0.6913134 -0.01243955 -0.7224481 -1.687234 -0.001142467 0.9998317 -0.01830895 114.6489 0.7225543 0.01348259 0.6911829 0.4448593 0 0 0 1
100 0 0.6913246 -0.01238457 -0.7224382 -1.147794 -0.00115202 0.9998329 -0.01824227 114.649 0.7225435 0.0134436 0.6911948 0.4403569 0 0 0 1
100 1 0.6913246 -0.01238457 -0.7224382 -1.680519 -0.00115202 0.9998329 -0.01824227 114.649 0.7225435 0.0134436 0.6911948 0.4403567 0 0 0 1
101 0 0.6913076 -0.01238856 -0.7224544 -1.147751 -0.001177869 0.9998323 -0.01827209 114.649 0.7225597 0.01348259 0.6911771 0.4448495 0 0 0 1
101 1 0.6913076 -0.01238856 -0.7224544 -1.680476 -0.001177869 0.9998323 -0.01827209 114.649 0.7225597 0.01348259 0.6911771 0.4448495 0 0 0 1
102 0 0.6913654 -0.01239954 -0.7223989 -1.148416 -0.001216501 0.9998313 -0.01832575 114.649 0.7225043 0.01354859 0.6912336 0.4522804 0 0 0 1
102 1 0.6913654 -0.01239954 -0.7223989 -1.681141 -0.001216501 0.9998313 -0.01832575 114.649 0.7225043 0.01354859 0.6912336 0.4522804 0 0 0 1
103 0 0.6913612 -0.01246255 -0.7224019 -1.154941 -0.001128969 0.9998314 -0.01832909 114.6489 0.7225085 0.01348759 0.6912305 0.4454727 0 0 0 1
103 1 0.6913612 -0.01246255 -0.7224019 -1.687666 -0.001128969 0.9998314 -0.01832909 114.6489 0.7225085 0.01348759 0.6912305 0.4454726 0 0 0 1
104 0 0.6913542 -0.01242953 -0.722409 -1.1502 -0.001235068 0.9998302 -0.01838472 114.6489 0.7225149 0.01360258 0.6912215 0.4587301 0 0 0 1
104 1 0.6913542 -0.01242953 -0.722409 -1.682925 -0.001235068 0.9998302 -0.01838472 114.6489 0.7225149 0.01360258 0.6912215 0.4587301 0 0 0 1
105 0 0.6914117 -0.01243754 -0.7223539 -1.150603 -0.001206395 0.9998305 -0.01836986 114.6489 0.72246 0.01357258 0.6912795 0.4553775 0 0 0 1
105 1 0.6914117 -0.01243754 -0.7223539 -1.683328 -0.001206395 0.9998305 -0.01836986 114.6489 0.72246 0.01357258 0.6912795 0.4553774 0 0 0 1
106 0 0.6913916 -0.01243853 -0.7223731 -1.150449 -0.001213442 0.9998304 -0.01837747 114.6489 0.7224792 0.01358258 0.6912593 0.456418 0 0 0 1
106 1 0.6913916 -0.01243853 -0.7223731 -1.683174 -0.001213442 0.9998304 -0.01837747 114.6489 0.7224792 0.01358258 0.6912593 0.4564179 0 0 0 1
107 0 0.6913241 -0.01251553 -0.7224364 -1.158197 -0.0011164 0.9998303 -0.01838944 114.6489 0.722544 0.01351959 0.6911927 0.4491917 0 0 0 1
107 1 0.6913241 -0.01251553 -0.7224364 -1.690922 -0.0011164 0.9998303 -0.01838944 114.6489 0.722544 0.01351959 0.6911927 0.4491917 0 0 0 1
108 0 0.6914114 -0.01244953 -0.722354 -1.149728 -0.001223399 0.9998299 -0.01840272 114.6489 0.7224602 0.01360758 0.6912786 0.4588862 0 0 0 1
108 1 0.6914114 -0.01244953 -0.722354 -1.682453 -0.001223399 0.9998299 -0.01840272 114.6489 0.7224602 0.01360758 0.6912786 0.4588862 0 0 0 1
109 0 0.6914052 -0.01247853 -0.7223594 -1.152369 -0.001168096 0.9998302 -0.01838979 114.6489 0.7224662 0.01355859 0.6912732 0.4533622 0 0 0 1
109 1 0.6914052 -0.01247853 -0.7223594 -1.685093 -0.001168096 0.9998302 -0.01838979 114.6489 0.7224662 0.01355859 0.6912732 0.4533622 0 0 0 1
110 0 0.6914502 -0.01255451 -0.722315 -1.159834 -0.001128856 0.999829 -0.01845858 114.6488 0.7224233 0.01357858 0.6913178 0.4559985 0 0 0 1
110 1 0.6914502 -0.01255451 -0.722315 -1.692559 -0.001128856 0.999829 -0.01845858 114.6489 0.7224233 0.01357858 0.6913178 0.4559985 0 0 0 1
111 0 0.691497 -0.01250253 -0.7222712 -1.153351 -0.0011535 0.9998298 -0.01841142 114.6489 0.7223785 0.01356458 0.6913649 0.4544074 0 0 0 1
111 1 0.691497 -0.01250253 -0.7222712 -1.686076 -0.0011535 0.9998298 -0.01841142 114.6489 0.7223785 0.01356458 0.6913649 0.4544074 0 0 0 1
112 0 0.6915178 -0.01247653 -0.7222517 -1.148986 -0.001168059 0.9998302 -0.01838991 114.649 0.7223585 0.01356058 0.6913859 0.4543563 0 0 0 1
112 1 0.6915178 -0.01247653 -0.7222517 -1.681711 -0.001168059 0.9998302 -0.01838991 114.649 0.7223585 0.01356058 0.6913859 0.4543561 0 0 0 1
113 0 0.6914985 -0.01250552 -0.7222697 -1.151577 -0.001162949 0.9998296 -0.01842465 114.6489 0.7223769 0.01358058 0.6913661 0.4567762 0 0 0 1
113 1 0.6914985 -0.01250552 -0.7222697 -1.684302 -0.001162949 0.9998296 -0.01842465 114.6489 0.7223769 0.01358058 0.6913661 0.4567761 0 0 0 1
114 0 0.6915033 -0.01246054 -0.7222658 -1.145696 -0.001164319 0.9998307 -0.01836382 114.649 0.7223724 0.01353959 0.6913717 0.4519843 0 0 0 1
114 1 0.6915033 -0.01246054 -0.7222658 -1.678421 -0.001164319 0.9998307 -0.01836382 114.649 0.7223724 0.01353959 0.6913717 0.4519843 0 0 0 1
115 0 0.691553 -0.01247552 -0.722218 -1.146304 -0.001201811 0.9998296 -0.01842174 114.649 0.7223247 0.01360758 0.6914202 0.4596781 0 0 0 1
115 1 0.691553 -0.01247552 -0.722218 -1.679029 -0.001201811 0.9998296 -0.01842174 114.649 0.7223247 0.01360758 0.6914202 0.4596781 0 0 0 1
116 0 0.6915444 -0.01254052 -0.7222251 -1.153021 -0.001102892 0.9998298 -0.01841682 114.6489 0.7223331 0.01353259 0.6914129 0.451333 0 0 0 1
116 1 0.6915444 -0.01254052 -0.7222251 -1.685746 -0.001102892 0.9998298 -0.01841682 114.649 0.7223331 0.01353259 0.6914129 0.4513331 0 0 0 1
117 0 0.6915433 -0.01246053 -0.7222275 -1.143056 -0.001193646 0.9998301 -0.01839292 114.649 0.7223339 0.01358158 0.691411 0.4567658 0 0 0 1
117 1 0.6915433 -0.01246053 -0.7222275 -1.675781 -0.001193646 0.9998301 -0.01839292 114.649 0.7223339 0.01358158 0.691411 0.4567658 0 0 0 1
118 0 0.6915471 -0.01244453 -0.7222242 -1.139944 -0.001217619 0.9998301 -0.01839381 114.6491 0.7223304 0.01359958 0.6914144 0.4586082 0 0 0 1
118 1 0.6915471 -0.01244453 -0.7222242 -1.672669 -0.001217619 0.9998301 -0.01839381 114.6491 0.7223304 0.01359958 0.6914144 0.4586083 0 0 0 1
119 0 0.691519 -0.01242951 -0.7222513 -1.137002 -0.001298069 0.9998289 -0.0184493 114.649 0.722357 0.01369557 0.6913846 0.4698806 0 0 0 1
119 1 0.691519 -0.01242951 -0.7222513 -1.669727 -0.001298069 0.9998289 -0.0184493 114.649 0.722357 0.01369557 0.6913846 0.4698806 0 0 0 1
120 0 0.6915519 -0.01250353 -0.7222186 -1.144664 -0.00115141 0.9998298 -0.01841223 114.649 0.7223259 0.01356458 0.6914198 0.4548796 0 0 0 1
120 1 0.6915519 -0.01250353 -0.7222186 -1.677389 -0.00115141 0.9998298 -0.01841223 114.649 0.7223259 0.01356458 0.6914198 0.4548795 0 0 0 1
121 0 0.6914756 -0.0125375 -0.7222911 -1.147288 -0.001204271 0.999828 -0.01850787 114.649 0.7223988 0.01366758 0.6913416 0.4664926 0 0 0 1
121 1 0.6914756 -0.0125375 -0.7222911 -1.680013 -0.001204271 0.999828 -0.01850787 114.649 0.7223988 0.01366758 0.6913416 0.4664925 0 0 0 1
122 0 0.6914513 -0.01246552 -0.7223155 -1.137901 -0.001223605 0.9998295 -0.0184261 114.6491 0.7224221 0.01362458 0.6913182 0.4614413 0 0 0 1
122 1 0.6914513 -0.01246552 -0.7223155 -1.670626 -0.001223605 0.9998295 -0.0184261 114.6491 0.7224221 0.01362458 0.6913182 0.4614412 0 0 0 1
123 0 0.6914945 -0.01244351 -0.7222746 -1.134295 -0.001285404 0.9998289 -0.01845591 114.6491 0.7223807 0.01369057 0.6913601 0.4686256 0 0 0 1
123 1 0.6914945 -0.01244351 -0.7222746 -1.667019 -0.001285404 0.9998289 -0.01845591 114.6491 0.7223807 0.01369057 0.6913601 0.4686257 0 0 0 1
124 0 0.6914548 -0.0124915 -0.7223118 -1.138831 -0.001248895 0.9998283 -0.01848636 114.6491 0.7224187 0.01368457 0.6913204 0.467568 0 0 0 1
124 1 0.6914548 -0.0124915 -0.7223118 -1.671556 -0.001248895 0.9998283 -0.01848636 114.6491 0.7224187 0.01368457 0.6913204 0.467568 0 0 0 1
125 0 0.6914386 -0.01248451 -0.7223273 -1.13745 -0.001231748 0.9998288 -0.01845985 114.6491 0.7224341 0.01365358 0.6913049 0.4636585 0 0 0 1
125 1 0.6914386 -0.01248451 -0.7223273 -1.670175 -0.001231748 0.9998288 -0.01845985 114.6491 0.7224341 0.01365358 0.6913049 0.4636586 0 0 0 1
126 0 0.6914093 -0.01245451 -0.722356 -1.133247 -0.001282142 0.9998287 -0.01846578 114.6491 0.7224622 0.01369357 0.6912749 0.4678126 0 0 0 1
126 1 0.6914093 -0.01245451 -0.722356 -1.665972 -0.001282142 0.9998287 -0.01846578 114.6491 0.7224622 0.01369357 0.6912749 0.4678127 0 0 0 1
127 0 0.6914036 -0.0125025 -0.7223605 -1.137783 -0.001246934 0.9998281 -0.01849837 114.6491 0.7224677 0.01369057 0.6912692 0.4671247 0 0 0 1
127 1 0.6914036 -0.0125025 -0.7223605 -1.670508 -0.001246934 0.9998281 -0.01849837 114.6491 0.7224677 0.01369057 0.6912692 0.4671247 0 0 0 1
128 0 0.6913607 -0.0124405 -0.7224027 -1.130176 -0.00133787 0.999828 -0.01849843 114.6491 0.7225085 0.01375557 0.6912251 0.4738497 0 0 0 1
128 1 0.6913607 -0.0124405 -0.7224027 -1.662901 -0.00133787 0.999828 -0.01849843 114.6491 0.7225085 0.01375557 0.6912251 0.4738498 0 0 0 1
129 0 0.6913567 -0.01242953 -0.7224067 -1.128534 -0.001261021 0.9998297 -0.01840961 114.6492 0.7225125 0.01363858 0.6912234 0.460167 0 0 0 1
129 1 0.6913567 -0.01242953 -0.7224067 -1.661259 -0.001261021 0.9998297 -0.01840961 114.6492 0.7225125 0.01363858 0.6912234 0.460167 0 0 0 1
130 0 0.6913743 -0.0124555 -0.7223894 -1.131193 -0.001316311 0.999828 -0.01849892 114.6492 0.7224956 0.01374057 0.691239 0.4714758 0 0 0 1
130 1 0.6913743 -0.0124555 -0.7223894 -1.663918 -0.001316311 0.999828 -0.01849892 114.6492 0.7224956 0.01374057 0.691239 0.4714758 0 0 0 1
131 0 0.6913614 -0.01245352 -0.7224019 -1.130536 -0.001269605 0.9998289 -0.01845114 114.6492 0.7225081 0.01367357 0.6912273 0.463468 0 0 0 1
131 1 0.6913614 -0.01245352 -0.7224019 -1.663261 -0.001269605 0.9998289 -0.01845114 114.6492 0.7225081 0.01367357 0.6912273 0.4634679 0 0 0 1
132 0 0.6913609 -0.01242053 -0.7224029 -1.126376 -0.001255575 0.9998301 -0.01839206 114.6493 0.7225085 0.01362258 0.6912278 0.4572544 0 0 0 1
132 1 0.6913609 -0.01242053 -0.7224029 -1.659101 -0.001255575 0.9998301 -0.01839206 114.6493 0.7225085 0.01362258 0.6912278 0.4572544 0 0 0 1
133 0 0.6912733 -0.01248551 -0.7224855 -1.13376 -0.00125118 0.9998285 -0.01847549 114.6492 0.7225923 0.01367557 0.6911392 0.4629847 0 0 0 1
133 1 0.6912733 -0.01248551 -0.7224855 -1.666485 -0.00125118 0.9998285 -0.01847549 114.6492 0.7225923 0.01367557 0.6911392 0.4629847 0 0 0 1
134 0 0.6912488 -0.01242851 -0.72251 -1.127401 -0.001298437 0.9998291 -0.01844118 114.6492 0.7226157 0.01368557 0.6911145 0.4638168 0 0 0 1
134 1 0.6912488 -0.01242851 -0.72251 -1.660126 -0.001298437 0.9998291 -0.01844118 114.6492 0.7226157 0.01368557 0.6911145 0.4638166 0 0 0 1
135 0 0.691229 -0.0124235 -0.7225291 -1.126882 -0.001386242 0.9998276 -0.01851769 114.6492 0.7226346 0.01380156 0.6910926 0.4765504 0 0 0 1
135 1 0.691229 -0.0124235 -0.7225291 -1.659607 -0.001386242 0.9998276 -0.01851769 114.6492 0.7226346 0.01380156 0.6910926 0.4765503 0 0 0 1
136 0 0.69126 -0.01242553 -0.7224993 -1.127123 -0.001272757 0.9998296 -0.01841277 114.6493 0.722605 0.01364758 0.6911265 0.4587161 0 0 0 1
136 1 0.69126 -0.01242553 -0.7224993 -1.659848 -0.001272757 0.9998296 -0.01841277 114.6493 0.722605 0.01364758 0.6911265 0.4587159 0 0 0 1
137 0 0.6912505 -0.01241851 -0.7225085 -1.12628 -0.001334215 0.9998287 -0.0184616 114.6492 0.722614 0.01372557 0.6911155 0.4671938 0 0 0 1
137 1 0.6912505 -0.01241851 -0.7225085 -1.659006 -0.001334215 0.9998287 -0.0184616 114.6492 0.722614 0.01372557 0.6911155 0.4671938 0 0 0 1
138 0 0.6912296 -0.01246452 -0.7225277 -1.131292 -0.001244404 0.9998292 -0.01843882 114.6492 0.7226341 0.01364458 0.6910961 0.4579629 0 0 0 1
138 1 0.6912296 -0.01246452 -0.7225277 -1.664016 -0.001244404 0.9998292 -0.01843882 114.6492 0.7226341 0.01364458 0.6910961 0.4579628 0 0 0 1
139 0 0.6912258 -0.01236352 -0.7225331 -1.119737 -0.001364189 0.9998295 -0.01841352 114.6493 0.7226375 0.01371357 0.6910911 0.4657206 0 0 0 1
139 1 0.6912258 -0.01236352 -0.7225331 -1.652462 -0.001364189 0.9998295 -0.01841352 114.6493 0.7226375 0.01371357 0.6910911 0.4657205 0 0 0 1
140 0 0.6912442 -0.01241252 -0.7225146 -1.125085 -0.001300935 0.9998295 -0.01842132 114.6493 0.7226201 0.01367358 0.6911103 0.4608307 0 0 0 1
140 1 0.6912442 -0.01241252 -0.7225146 -1.657809 -0.001300935 0.9998295 -0.01842132 114.6493 0.7226201 0.01367358 0.6911103 0.4608308 0 0 0 1
141 0 0.6912057 -0.01244051 -0.722551 -1.12822 -0.001319429 0.9998284 -0.01847672 114.6492 0.7226568 0.01372457 0.6910707 0.4666351 0 0 0 1
141 1 0.6912057 -0.01244051 -0.722551 -1.660945 -0.001319429 0.9998284 -0.01847672 114.6492 0.7226568 0.01372457 0.6910707 0.4666351 0 0 0 1
142 0 0.6912086 -0.01241453 -0.7225486 -1.125024 -0.001280946 0.9998298 -0.01840404 114.6493 0.7226541 0.01364658 0.6910751 0.4575614 0 0 0 1
