frame cameraID r1,1 r1,2 r1,3 t1 r2,1 r2,2 r2,3 t2 r3,1 r3,2 r3,3 t3 0 0 0 1
0 0 0.9714233 -0.01231958 0.2370339 -2.226741 0.01514874 0.9998341 -0.01011797 114.6315 -0.23687 0.0134196 0.9714487 0.7505442 0 0 0 1
0 1 0.9714233 -0.01231958 0.2370339 -2.759466 0.01514874 0.9998341 -0.01011797 114.6315 -0.23687 0.0134196 0.9714487 0.7505443 0 0 0 1
1 0 0.9714406 -0.01239058 0.2369593 -2.23423 0.01520509 0.9998338 -0.01005374 114.6314 -0.2367953 0.0133696 0.9714676 0.7447033 0 0 0 1
1 1 0.9714406 -0.01239058 0.2369593 -2.766955 0.01520509 0.9998338 -0.01005374 114.6314 -0.2367953 0.0133696 0.9714676 0.7447034 0 0 0 1
2 0 0.9714386 -0.01238957 0.2369672 -2.233398 0.01520799 0.9998336 -0.0100694 114.6314 -0.2368031 0.0133856 0.9714655 0.7458705 0 0 0 1
2 1 0.9714386 -0.01238957 0.2369672 -2.766123 0.01520799 0.9998336 -0.0100694 114.6314 -0.2368031 0.0133856 0.9714655 0.7458704 0 0 0 1
3 0 0.9714457 -0.01236458 0.2369397 -2.229805 0.01518413 0.9998339 -0.01007867 114.6315 -0.2367757 0.0133886 0.9714721 0.7461917 0 0 0 1
3 1 0.9714457 -0.01236458 0.2369397 -2.76253 0.01518413 0.9998339 -0.01007867 114.6315 -0.2367757 0.0133886 0.9714721 0.7461915 0 0 0 1
4 0 0.9714298 -0.01238657 0.2370034 -2.231494 0.01521113 0.9998333 -0.01009286 114.6314 -0.2368389 0.0134096 0.9714564 0.7484766 0 0 0 1
4 1 0.9714298 -0.01238657 0.2370034 -2.764219 0.01521113 0.9998333 -0.01009286 114.6314 -0.2368389 0.0134096 0.9714564 0.7484768 0 0 0 1
5 0 0.9714323 -0.01237657 0.236994 -2.230053 0.01520795 0.9998331 -0.01012258 114.6314 -0.2368291 0.0134376 0.9714584 0.7518731 0 0 0 1
5 1 0.9714323 -0.01237657 0.236994 -2.762778 0.01520795 0.9998331 -0.01012258 114.6314 -0.2368291 0.0134376 0.9714584 0.751873 0 0 0 1
6 0 0.9714255 -0.01239957 0.2370207 -2.232173 0.01521826 0.9998335 -0.01006619 114.6314 -0.2368565 0.0133856 0.9714524 0.7457806 0 0 0 1
6 1 0.9714255 -0.01239957 0.2370207 -2.764898 0.01521826 0.9998335 -0.01006619 114.6314 -0.2368565 0.0133856 0.9714524 0.7457807 0 0 0 1
7 0 0.9714316 -0.01235058 0.236998 -2.225864 0.01517256 0.999834 -0.0100869 114.6315 -0.236834 0.0133946 0.9714578 0.7466465 0 0 0 1
7 1 0.9714316 -0.01235058 0.236998 -2.758589 0.01517256 0.999834 -0.0100869 114.6315 -0.236834 0.0133946 0.9714578 0.7466465 0 0 0 1
8 0 0.9714314 -0.01235457 0.2369986 -2.225836 0.01518758 0.9998333 -0.01013161 114.6315 -0.2368339 0.0134416 0.9714572 0.7518736 0 0 0 1
8 1 0.9714314 -0.01235457 0.2369986 -2.758561 0.01518758 0.9998333 -0.01013161 114.6315 -0.2368339 0.0134416 0.9714572 0.7518736 0 0 0 1
9 0 0.9714363 -0.01243055 0.2369747 -2.233883 0.01527156 0.9998318 -0.01015673 114.6313 -0.2368085 0.01348559 0.9714627 0.7566193 0 0 0 1
9 1 0.9714363 -0.01243055 0.2369747 -2.766608 0.01527156 0.9998318 -0.01015673 114.6313 -0.2368085 0.01348559 0.9714627 0.7566192 0 0 0 1
10 0 0.9714354 -0.01238956 0.2369806 -2.227792 0.01522422 0.9998327 -0.01013526 114.6315 -0.2368154 0.0134536 0.9714615 0.7523575 0 0 0 1
10 1 0.9714354 -0.01238956 0.2369806 -2.760517 0.01522422 0.9998327 -0.01013526 114.6315 -0.2368154 0.0134536 0.9714615 0.7523576 0 0 0 1
11 0 0.9714412 -0.01241755 0.2369551 -2.229943 0.01525849 0.999832 -0.01015915 114.6314 -0.2367892 0.01348459 0.9714675 0.7549021 0 0 0 1
11 1 0.9714412 -0.01241755 0.2369551 -2.762668 0.01525849 0.999832 -0.01015915 114.6314 -0.2367892 0.01348459 0.9714675 0.754902 0 0 0 1
12 0 0.9714473 -0.01247253 0.236927 -2.235502 0.01532345 0.9998306 -0.01019515 114.6312 -0.2367598 0.01353459 0.9714739 0.760187 0 0 0 1
12 1 0.9714473 -0.01247253 0.236927 -2.768227 0.01532345 0.9998306 -0.01019515 114.6312 -0.2367598 0.01353459 0.9714739 0.7601869 0 0 0 1
13 0 0.9714457 -0.01243256 0.2369362 -2.229934 0.01526174 0.9998324 -0.01011023 114.6314 -0.2367708 0.0134376 0.9714726 0.7486766 0 0 0 1
13 1 0.9714457 -0.01243256 0.2369362 -2.762659 0.01526174 0.9998324 -0.01011023 114.6314 -0.2367708 0.0134376 0.9714726 0.7486765 0 0 0 1
14 0 0.9714536 -0.01245754 0.2369023 -2.231908 0.01530034 0.9998313 -0.01016508 114.6313 -0.2367357 0.01349959 0.9714803 0.7554491 0 0 0 1
14 1 0.9714536 -0.01245754 0.2369023 -2.764633 0.01530034 0.9998313 -0.01016508 114.6313 -0.2367357 0.01349959 0.9714803 0.7554492 0 0 0 1
15 0 0.9714734 -0.01246755 0.2368207 -2.232238 0.01528981 0.9998323 -0.01008433 114.6314 -0.2366552 0.0134176 0.9715011 0.7457277 0 0 0 1
15 1 0.9714734 -0.01246755 0.2368207 -2.764963 0.01528981 0.9998323 -0.01008433 114.6314 -0.2366552 0.0134176 0.9715011 0.7457277 0 0 0 1
16 0 0.9714812 -0.01246854 0.2367886 -2.231999 0.01530724 0.9998313 -0.01015358 114.6313 -0.236622 0.01348859 0.9715081 0.7536182 0 0 0 1
16 1 0.9714812 -0.01246854 0.2367886 -2.764724 0.01530724 0.9998313 -0.01015358 114.6313 -0.236622 0.01348859 0.9715081 0.7536182 0 0 0 1
17 0 0.9714617 -0.01246757 0.2368685 -2.231307 0.01527516 0.9998331 -0.01002139 114.6315 -0.2367041 0.0133536 0.97149 0.7378867 0 0 0 1
17 1 0.9714617 -0.01246757 0.2368685 -2.764032 0.01527516 0.9998331 -0.01002139 114.6315 -0.2367041 0.0133536 0.97149 0.7378867 0 0 0 1
18 0 0.9714633 -0.01242155 0.2368646 -2.225324 0.01525836 0.9998321 -0.01014699 114.6315 -0.2366988 0.0134716 0.9714897 0.7507837 0 0 0 1
18 1 0.9714633 -0.01242155 0.2368646 -2.758049 0.01525836 0.9998321 -0.01014699 114.6315 -0.2366988 0.0134716 0.9714897 0.7507838 0 0 0 1
19 0 0.9714605 -0.01246555 0.2368738 -2.229492 0.01530095 0.9998316 -0.01013546 114.6314 -0.2367076 0.01347059 0.9714876 0.7500575 0 0 0 1
19 1 0.9714605 -0.01246555 0.2368738 -2.762217 0.01530095 0.9998316 -0.01013546 114.6314 -0.2367076 0.01347059 0.9714876 0.7500575 0 0 0 1
20 0 0.9714692 -0.01253453 0.2368343 -2.236945 0.01538034 0.9998299 -0.01017222 114.6312 -0.2366665 0.01352459 0.9714968 0.7554448 0 0 0 1
20 1 0.9714692 -0.01253453 0.2368343 -2.76967 0.01538034 0.9998299 -0.01017222 114.6312 -0.2366665 0.01352459 0.9714968 0.7554448 0 0 0 1
21 0 0.9714529 -0.01249753 0.2369032 -2.232274 0.01534938 0.9998302 -0.01019738 114.6313 -0.2367355 0.01354259 0.9714797 0.7568702 0 0 0 1
21 1 0.9714529 -0.01249753 0.2369032 -2.764999 0.01534938 0.9998302 -0.01019738 114.6313 -0.2367355 0.01354259 0.9714797 0.7568703 0 0 0 1
22 0 0.9714637 -0.01251053 0.2368581 -2.233452 0.01535207 0.9998305 -0.01015615 114.6313 -0.2366909 0.01350259 0.9714912 0.7515435 0 0 0 1
22 1 0.9714637 -0.01251053 0.2368581 -2.766177 0.01535207 0.9998305 -0.01015615 114.6313 -0.2366909 0.01350259 0.9714912 0.7515435 0 0 0 1
23 0 0.9714674 -0.01251453 0.2368428 -2.233541 0.01535887 0.9998304 -0.01016807 114.6313 -0.2366754 0.01351559 0.9714948 0.7524808 0 0 0 1
23 1 0.9714674 -0.01251453 0.2368428 -2.766266 0.01535887 0.9998304 -0.01016807 114.6313 -0.2366754 0.01351559 0.9714948 0.7524808 0 0 0 1
24 0 0.9714577 -0.01257053 0.2368796 -2.239707 0.01540159 0.9998303 -0.01010468 114.6312 -0.2367124 0.01346459 0.9714864 0.7458654 0 0 0 1
24 1 0.9714577 -0.01257053 0.2368796 -2.772432 0.01540159 0.9998303 -0.01010468 114.6313 -0.2367124 0.01346459 0.9714864 0.7458653 0 0 0 1
25 0 0.9714698 -0.01252052 0.2368327 -2.233903 0.01537618 0.9998296 -0.01021442 114.6313 -0.2366645 0.01356458 0.9714968 0.7565074 0 0 0 1
25 1 0.9714698 -0.01252052 0.2368327 -2.766628 0.01537618 0.9998296 -0.01021442 114.6313 -0.2366645 0.01356458 0.9714968 0.7565074 0 0 0 1
26 0 0.9714648 -0.01249954 0.2368541 -2.231372 0.01534016 0.9998308 -0.01015396 114.6314 -0.236687 0.01349759 0.9714922 0.7481179 0 0 0 1
26 1 0.9714648 -0.01249954 0.2368541 -2.764097 0.01534016 0.9998308 -0.01015396 114.6314 -0.236687 0.01349759 0.9714922 0.7481178 0 0 0 1
27 0 0.9714511 -0.01251552 0.2369094 -2.23332 0.01537048 0.9998298 -0.01020759 114.6313 -0.2367413 0.01355759 0.9714781 0.7539322 0 0 0 1
27 1 0.9714511 -0.01251552 0.2369094 -2.766045 0.01537048 0.9998298 -0.01020759 114.6313 -0.2367413 0.01355759 0.9714781 0.7539324 0 0 0 1
28 0 0.9714679 -0.01249653 0.2368417 -2.230929 0.01534398 0.9998304 -0.01018304 114.6314 -0.2366743 0.01352659 0.9714949 0.7497079 0 0 0 1
28 1 0.9714679 -0.01249653 0.2368417 -2.763654 0.01534398 0.9998304 -0.01018304 114.6314 -0.2366743 0.01352659 0.9714949 0.7497078 0 0 0 1
29 0 0.9714519 -0.01256051 0.2369037 -2.237835 0.01542785 0.9998284 -0.01025338 114.6312 -0.2367343 0.01361558 0.9714791 0.7590731 0 0 0 1
29 1 0.9714519 -0.01256051 0.2369037 -2.77056 0.01542785 0.9998284 -0.01025338 114.6312 -0.2367343 0.01361558 0.9714791 0.7590731 0 0 0 1
30 0 0.9714606 -0.01251253 0.2368708 -2.232189 0.0153532 0.9998306 -0.01015159 114.6314 -0.2367036 0.01349859 0.9714881 0.7449563 0 0 0 1
30 1 0.9714606 -0.01251253 0.2368708 -2.764914 0.0153532 0.9998306 -0.01015159 114.6314 -0.2367036 0.01349859 0.9714881 0.7449563 0 0 0 1
31 0 0.9714661 -0.01250352 0.2368486 -2.231406 0.01536859 0.9998293 -0.01025414 114.6314 -0.23668 0.01360158 0.9714925 0.7562572 0 0 0 1
31 1 0.9714661 -0.01250352 0.2368486 -2.764131 0.01536859 0.9998293 -0.01025414 114.6314 -0.23668 0.01360158 0.9714925 0.7562572 0 0 0 1
32 0 0.9714684 -0.01249553 0.2368396 -2.230447 0.01533967 0.9998306 -0.01016971 114.6315 -0.2366724 0.01351259 0.9714956 0.7454584 0 0 0 1
32 1 0.9714684 -0.01249553 0.2368396 -2.763172 0.01533967 0.9998306 -0.01016971 114.6315 -0.2366724 0.01351259 0.9714956 0.7454584 0 0 0 1
33 0 0.9714488 -0.01249553 0.2369199 -2.230573 0.01535305 0.9998299 -0.01021993 114.6314 -0.2367519 0.01356559 0.9714754 0.7507637 0 0 0 1
33 1 0.9714488 -0.01249553 0.2369199 -2.763298 0.01535305 0.9998299 -0.01021993 114.6314 -0.2367519 0.01356559 0.9714754 0.7507638 0 0 0 1
34 0 0.9714665 -0.01247653 0.2368482 -2.228117 0.01533881 0.9998298 -0.01024597 114.6315 -0.23668 0.01358658 0.9714926 0.7525501 0 0 0 1
34 1 0.9714665 -0.01247653 0.2368482 -2.760843 0.01533881 0.9998298 -0.01024597 114.6315 -0.23668 0.01358658 0.9714926 0.75255 0 0 0 1
35 0 0.9714399 -0.01248654 0.236957 -2.229266 0.01533121 0.9998308 -0.0101661 114.6315 -0.23679 0.01350859 0.971467 0.7435535 0 0 0 1
35 1 0.9714399 -0.01248654 0.236957 -2.761991 0.01533121 0.9998308 -0.0101661 114.6315 -0.23679 0.01350859 0.971467 0.7435534 0 0 0 1
36 0 0.9714381 -0.01250853 0.2369632 -2.23181 0.01535596 0.9998303 -0.01017439 114.6315 -0.2367958 0.01352259 0.9714653 0.7450879 0 0 0 1
36 1 0.9714381 -0.01250853 0.2369632 -2.764534 0.01535596 0.9998303 -0.01017439 114.6315 -0.2367958 0.01352259 0.9714653 0.7450878 0 0 0 1
37 0 0.9714332 -0.01252153 0.2369827 -2.233261 0.01536666 0.9998303 -0.01016226 114.6314 -0.2368152 0.01351359 0.9714607 0.7439763 0 0 0 1
37 1 0.9714332 -0.01252153 0.2369827 -2.765986 0.01536666 0.9998303 -0.01016226 114.6314 -0.2368152 0.01351359 0.9714607 0.7439763 0 0 0 1
38 0 0.9714274 -0.01253553 0.2370057 -2.235103 0.01537198 0.9998306 -0.0101236 114.6314 -0.2368387 0.01347759 0.9714555 0.739657 0 0 0 1
38 1 0.9714274 -0.01253553 0.2370057 -2.767828 0.01537198 0.9998306 -0.0101236 114.6314 -0.2368387 0.01347759 0.9714555 0.7396569 0 0 0 1
39 0 0.9714353 -0.01252954 0.2369736 -2.234317 0.01536511 0.9998307 -0.01012262 114.6314 -0.2368066 0.01347459 0.9714634 0.7391585 0 0 0 1
39 1 0.9714353 -0.01252954 0.2369736 -2.767042 0.01536511 0.9998307 -0.01012262 114.6315 -0.2368066 0.01347459 0.9714634 0.7391583 0 0 0 1
40 0 0.9714553 -0.01248253 0.2368942 -2.229285 0.01533329 0.9998305 -0.01019524 114.6315 -0.2367268 0.01353659 0.971482 0.7462818 0 0 0 1
40 1 0.9714553 -0.01248253 0.2368942 -2.76201 0.01533329 0.9998305 -0.01019524 114.6315 -0.2367268 0.01353659 0.971482 0.7462818 0 0 0 1
41 0 0.9714627 -0.01248654 0.2368633 -2.229722 0.01532219 0.9998313 -0.01013454 114.6315 -0.2366968 0.01347459 0.9714901 0.7388604 0 0 0 1
41 1 0.9714627 -0.01248654 0.2368633 -2.762447 0.01532219 0.9998313 -0.01013454 114.6316 -0.2366968 0.01347459 0.9714901 0.7388605 0 0 0 1
42 0 0.9714739 -0.01250253 0.2368168 -2.232176 0.01535522 0.99983 -0.01020533 114.6314 -0.236649 0.01355059 0.9715007 0.7479175 0 0 0 1
42 1 0.9714739 -0.01250253 0.2368168 -2.764901 0.01535522 0.99983 -0.01020533 114.6314 -0.236649 0.01355059 0.9715007 0.7479175 0 0 0 1
43 0 0.9714799 -0.01244953 0.236795 -2.226436 0.01530493 0.9998306 -0.01022405 114.6315 -0.2366276 0.01355658 0.9715058 0.748823 0 0 0 1
43 1 0.9714799 -0.01244953 0.236795 -2.759161 0.01530493 0.9998306 -0.01022405 114.6315 -0.2366276 0.01355658 0.9715058 0.748823 0 0 0 1
44 0 0.9714526 -0.01242654 0.2369081 -2.224548 0.01527573 0.9998313 -0.01019468 114.6316 -0.2367414 0.01352259 0.9714786 0.7454513 0 0 0 1
44 1 0.9714526 -0.01242654 0.2369081 -2.757273 0.01527573 0.9998313 -0.01019468 114.6316 -0.2367414 0.01352259 0.9714786 0.7454513 0 0 0 1
45 0 0.9714771 -0.01241954 0.2368079 -2.224198 0.01526812 0.9998314 -0.01019888 114.6316 -0.2366413 0.01352359 0.971503 0.745676 0 0 0 1
45 1 0.9714771 -0.01241954 0.2368079 -2.756923 0.01526812 0.9998314 -0.01019888 114.6316 -0.2366413 0.01352359 0.971503 0.745676 0 0 0 1
46 0 0.9714873 -0.01244855 0.2367646 -2.227815 0.01527881 0.999832 -0.01012274 114.6316 -0.2365988 0.01345159 0.9715143 0.737291 0 0 0 1
46 1 0.9714873 -0.01244855 0.2367646 -2.76054 0.01527881 0.999832 -0.01012274 114.6316 -0.2365988 0.01345159 0.9715143 0.7372909 0 0 0 1
47 0 0.971502 -0.01241754 0.2367059 -2.224516 0.01526605 0.9998314 -0.01020484 114.6316 -0.2365393 0.01352759 0.9715278 0.7458174 0 0 0 1
47 1 0.971502 -0.01241754 0.2367059 -2.757241 0.01526605 0.9998314 -0.01020484 114.6316 -0.2365393 0.01352759 0.9715278 0.7458174 0 0 0 1
48 0 0.9715077 -0.01239655 0.2366835 -2.222942 0.0152473 0.9998316 -0.01021793 114.6316 -0.2365169 0.01353559 0.9715331 0.7471768 0 0 0 1
48 1 0.9715077 -0.01239655 0.2366835 -2.755667 0.0152473 0.9998316 -0.01021793 114.6317 -0.2365169 0.01353559 0.9715331 0.7471769 0 0 0 1
49 0 0.971497 -0.01241854 0.2367263 -2.226483 0.01526818 0.9998313 -0.01020817 114.6316 -0.2365596 0.01353159 0.9715227 0.7468344 0 0 0 1
49 1 0.971497 -0.01241854 0.2367263 -2.759208 0.01526818 0.9998313 -0.01020817 114.6316 -0.2365596 0.01353159 0.9715227 0.7468344 0 0 0 1
50 0 0.9715072 -0.01239054 0.2366859 -2.22446 0.01525237 0.999831 -0.01026401 114.6316 -0.2365187 0.01358158 0.971532 0.7527837 0 0 0 1
50 1 0.9715072 -0.01239054 0.2366859 -2.757185 0.01525237 0.999831 -0.01026401 114.6316 -0.2365187 0.01358158 0.971532 0.7527837 0 0 0 1
51 0 0.9715024 -0.01239155 0.2367055 -2.225717 0.01523748 0.9998319 -0.01019739 114.6316 -0.2365394 0.01351359 0.9715279 0.7451856 0 0 0 1
51 1 0.9715024 -0.01239155 0.2367055 -2.758442 0.01523748 0.9998319 -0.01019739 114.6316 -0.2365394 0.01351359 0.9715279 0.7451855 0 0 0 1
52 0 0.9715028 -0.01231456 0.2367078 -2.217352 0.01516672 0.9998326 -0.01023209 114.6318 -0.2365422 0.01353059 0.971527 0.7470569 0 0 0 1
52 1 0.9715028 -0.01231456 0.2367078 -2.750077 0.01516672 0.9998326 -0.01023209 114.6318 -0.2365422 0.01353059 0.971527 0.7470568 0 0 0 1
53 0 0.9714821 -0.01232856 0.2367922 -2.219452 0.01517719 0.9998327 -0.01021094 114.6318 -0.2366267 0.01351359 0.9715067 0.7453902 0 0 0 1
53 1 0.9714821 -0.01232856 0.2367922 -2.752177 0.01517719 0.9998327 -0.01021094 114.6318 -0.2366267 0.01351359 0.9715067 0.7453903 0 0 0 1
54 0 0.9714814 -0.01234155 0.2367945 -2.22149 0.01521065 0.9998313 -0.01029333 114.6316 -0.2366275 0.01360158 0.9715052 0.7555717 0 0 0 1
54 1 0.9714814 -0.01234155 0.2367945 -2.754215 0.01521065 0.9998313 -0.01029333 114.6316 -0.2366275 0.01360158 0.9715052 0.7555718 0 0 0 1
55 0 0.9714769 -0.01234456 0.2368127 -2.222824 0.01519035 0.9998326 -0.01019615 114.6317 -0.2366472 0.01350259 0.9715018 0.7446378 0 0 0 1
55 1 0.9714769 -0.01234456 0.2368127 -2.755549 0.01519035 0.9998326 -0.01019615 114.6317 -0.2366472 0.01350259 0.9715018 0.7446377 0 0 0 1
56 0 0.9714899 -0.01234456 0.2367593 -2.223817 0.01519026 0.9998326 -0.01019893 114.6317 -0.2365938 0.01350459 0.9715148 0.745338 0 0 0 1
56 1 0.9714899 -0.01234456 0.2367593 -2.756542 0.01519026 0.9998326 -0.01019893 114.6317 -0.2365938 0.01350459 0.9715148 0.7453381 0 0 0 1
57 0 0.9715029 -0.01234456 0.2367059 -2.224809 0.01519017 0.9998326 -0.01020171 114.6317 -0.2365403 0.01350659 0.9715278 0.746038 0 0 0 1
57 1 0.9715029 -0.01234456 0.2367059 -2.757535 0.01519017 0.9998326 -0.01020171 114.6317 -0.2365403 0.01350659 0.9715278 0.7460381 0 0 0 1
58 0 0.971505 -0.01232356 0.2366984 -2.223055 0.01517891 0.9998323 -0.01024468 114.6316 -0.2365324 0.01354559 0.9715292 0.7512092 0 0 0 1
58 1 0.971505 -0.01232356 0.2366984 -2.75578 0.01517891 0.9998323 -0.01024468 114.6317 -0.2365324 0.01354559 0.9715292 0.7512093 0 0 0 1
59 0 0.9715051 -0.01232356 0.236698 -2.223703 0.01517206 0.9998327 -0.01021651 114.6317 -0.2365325 0.01351659 0.9715295 0.748615 0 0 0 1
59 1 0.9715051 -0.01232356 0.236698 -2.756428 0.01517206 0.9998327 -0.01021651 114.6317 -0.2365325 0.01351659 0.9715295 0.7486148 0 0 0 1
60 0 0.9715105 -0.01231156 0.2366765 -2.223347 0.01515852 0.9998329 -0.01021289 114.6317 -0.2365112 0.01350959 0.9715348 0.7486627 0 0 0 1
60 1 0.9715105 -0.01231156 0.2366765 -2.756072 0.01515852 0.9998329 -0.01021289 114.6317 -0.2365112 0.01350959 0.9715348 0.7486627 0 0 0 1
61 0 0.9715016 -0.01231958 0.2367124 -2.225024 0.0151461 0.999834 -0.0101259 114.6317 -0.2365484 0.0134226 0.971527 0.7393405 0 0 0 1
61 1 0.9715016 -0.01231958 0.2367124 -2.757749 0.0151461 0.999834 -0.0101259 114.6317 -0.2365484 0.0134226 0.971527 0.7393405 0 0 0 1
62 0 0.9715046 -0.01225557 0.2367037 -2.219118 0.01511646 0.9998329 -0.01027526 114.6317 -0.2365382 0.01356059 0.9715276 0.7561461 0 0 0 1
62 1 0.9715046 -0.01225557 0.2367037 -2.751843 0.01511646 0.9998329 -0.01027526 114.6317 -0.2365382 0.01356059 0.9715276 0.7561461 0 0 0 1
63 0 0.9715177 -0.01227458 0.2366487 -2.222197 0.01511827 0.9998336 -0.01020555 114.6317 -0.2364841 0.01349259 0.9715417 0.7490216 0 0 0 1
63 1 0.9715177 -0.01227458 0.2366487 -2.754922 0.01511827 0.9998336 -0.01020555 114.6317 -0.2364841 0.01349259 0.9715417 0.7490217 0 0 0 1
64 0 0.9715214 -0.01216959 0.2366393 -2.211093 0.0150242 0.9998345 -0.01026356 114.6319 -0.2364752 0.01352659 0.9715434 0.7537626 0 0 0 1
64 1 0.9715214 -0.01216959 0.2366393 -2.743818 0.0150242 0.9998345 -0.01026356 114.6319 -0.2364752 0.01352659 0.9715434 0.7537626 0 0 0 1
65 0 0.9715093 -0.01230057 0.236682 -2.226738 0.01514387 0.9998333 -0.01019888 114.6316 -0.2365171 0.01349259 0.9715337 0.7504202 0 0 0 1
65 1 0.9715093 -0.01230057 0.236682 -2.759464 0.01514387 0.9998333 -0.01019888 114.6316 -0.2365171 0.01349259 0.9715337 0.7504204 0 0 0 1
66 0 0.971513 -0.01234055 0.2366646 -2.232229 0.01519625 0.999832 -0.01024605 114.6314 -0.2364984 0.01355059 0.9715374 0.7579952 0 0 0 1
66 1 0.971513 -0.01234055 0.2366646 -2.764954 0.01519625 0.999832 -0.01024605 114.6314 -0.2364984 0.01355059 0.9715374 0.7579953 0 0 0 1
67 0 0.9715296 -0.01225259 0.2366011 -2.223063 0.01508316 0.9998347 -0.01015708 114.6317 -0.2364376 0.0134366 0.9715538 0.745892 0 0 0 1
67 1 0.9715296 -0.01225259 0.2366011 -2.755789 0.01508316 0.9998347 -0.01015708 114.6317 -0.2364376 0.0134366 0.9715538 0.745892 0 0 0 1
68 0 0.9715034 -0.0122246 0.2367102 -2.220612 0.0150467 0.9998356 -0.01011926 114.6318 -0.2365475 0.0133926 0.9715276 0.7418129 0 0 0 1
68 1 0.9715034 -0.0122246 0.2367102 -2.753337 0.0150467 0.9998356 -0.01011926 114.6318 -0.2365475 0.0133926 0.9715276 0.7418129 0 0 0 1
69 0 0.9715022 -0.01225258 0.2367135 -2.224549 0.01509498 0.9998341 -0.01019906 114.6316 -0.2365492 0.01348159 0.971526 0.7527242 0 0 0 1
69 1 0.9715022 -0.01225258 0.2367135 -2.757274 0.01509498 0.9998341 -0.01019906 114.6316 -0.2365492 0.01348159 0.971526 0.7527242 0 0 0 1
70 0 0.9714701 -0.01223359 0.2368464 -2.223006 0.01506136 0.9998352 -0.01013348 114.6317 -0.2366834 0.0134116 0.9714943 0.7455765 0 0 0 1
70 1 0.9714701 -0.01223359 0.2368464 -2.755731 0.01506136 0.9998352 -0.01013348 114.6317 -0.2366834 0.0134116 0.9714943 0.7455766 0 0 0 1
71 0 0.9714709 -0.01222658 0.2368434 -2.222318 0.01507298 0.9998342 -0.01021097 114.6316 -0.2366793 0.01348959 0.9714942 0.7550349 0 0 0 1
71 1 0.9714709 -0.01222658 0.2368434 -2.755043 0.01507298 0.9998342 -0.01021097 114.6316 -0.2366793 0.01348959 0.9714942 0.7550349 0 0 0 1
72 0 0.9714606 -0.01226958 0.2368833 -2.227399 0.01510641 0.9998342 -0.01016422 114.6316 -0.2367193 0.0134526 0.971485 0.7512556 0 0 0 1
72 1 0.9714606 -0.01226958 0.2368833 -2.760124 0.01510641 0.9998342 -0.01016422 114.6316 -0.2367193 0.0134526 0.971485 0.7512558 0 0 0 1
73 0 0.97145 -0.01231257 0.2369249 -2.232093 0.01515737 0.9998332 -0.01018934 114.6314 -0.2367599 0.01348959 0.9714745 0.7558973 0 0 0 1
73 1 0.97145 -0.01231257 0.2369249 -2.764818 0.01515737 0.9998332 -0.01018934 114.6314 -0.2367599 0.01348959 0.9714745 0.7558972 0 0 0 1
74 0 0.9714582 -0.0122386 0.2368949 -2.223813 0.01506175 0.9998354 -0.01011114 114.6317 -0.2367321 0.0133906 0.9714827 0.7455778 0 0 0 1
74 1 0.9714582 -0.0122386 0.2368949 -2.756538 0.01506175 0.9998354 -0.01011114 114.6317 -0.2367321 0.0133906 0.9714827 0.7455778 0 0 0 1
75 0 0.9714431 -0.01229958 0.2369537 -2.231278 0.01513913 0.9998337 -0.01016768 114.6315 -0.2367892 0.01346459 0.9714677 0.7551836 0 0 0 1
75 1 0.9714431 -0.01229958 0.2369537 -2.764003 0.01513913 0.9998337 -0.01016768 114.6315 -0.2367892 0.01346459 0.9714677 0.7551837 0 0 0 1
76 0 0.9714625 -0.01224559 0.2368767 -2.225484 0.0150738 0.9998351 -0.01013211 114.6316 -0.2367136 0.0134136 0.9714869 0.7502245 0 0 0 1
76 1 0.9714625 -0.01224559 0.2368767 -2.758209 0.0150738 0.9998351 -0.01013211 114.6316 -0.2367136 0.0134136 0.9714869 0.7502245 0 0 0 1
77 0 0.9714487 -0.01229359 0.2369312 -2.230647 0.01511461 0.9998348 -0.01009367 114.6315 -0.236768 0.0133866 0.971474 0.7477121 0 0 0 1
77 1 0.9714487 -0.01229359 0.2369312 -2.763372 0.01511461 0.9998348 -0.01009367 114.6315 -0.236768 0.0133866 0.971474 0.7477121 0 0 0 1
78 0 0.9714351 -0.01232158 0.2369853 -2.233478 0.01514946 0.9998341 -0.01011534 114.6314 -0.2368213 0.0134166 0.9714606 0.7513566 0 0 0 1
78 1 0.9714351 -0.01232158 0.2369853 -2.766203 0.01514946 0.9998341 -0.01011534 114.6314 -0.2368213 0.0134166 0.9714606 0.7513566 0 0 0 1
79 0 0.9714502 -0.01228859 0.2369251 -2.229444 0.01510543 0.9998351 -0.01007746 114.6315 -0.2367622 0.0133686 0.9714757 0.7462788 0 0 0 1
79 1 0.9714502 -0.01228859 0.2369251 -2.762168 0.01510543 0.9998351 -0.01007746 114.6315 -0.2367622 0.0133686 0.9714757 0.7462788 0 0 0 1
80 0 0.9714358 -0.01228658 0.2369844 -2.228749 0.01512303 0.9998341 -0.01015474 114.6315 -0.2368203 0.0134486 0.9714604 0.7558552 0 0 0 1
80 1 0.9714358 -0.01228658 0.2369844 -2.761474 0.01512303 0.9998341 -0.01015474 114.6315 -0.2368203 0.0134486 0.9714604 0.7558551 0 0 0 1
81 0 0.9714448 -0.01231359 0.2369459 -2.231743 0.01513182 0.9998347 -0.01007899 114.6315 -0.2367826 0.0133766 0.9714705 0.7480776 0 0 0 1
81 1 0.9714448 -0.01231359 0.2369459 -2.764468 0.01513182 0.9998347 -0.01007899 114.6315 -0.2367826 0.0133766 0.9714705 0.7480778 0 0 0 1
82 0 0.9714159 -0.01230757 0.2370648 -2.231185 0.01515398 0.9998333 -0.01018834 114.6314 -0.2368999 0.01348959 0.9714404 0.7609456 0 0 0 1
82 1 0.9714159 -0.01230757 0.2370648 -2.76391 0.01515398 0.9998333 -0.01018834 114.6314 -0.2368999 0.01348959 0.9714404 0.7609457 0 0 0 1
83 0 0.9714088 -0.01232058 0.2370932 -2.233092 0.01514962 0.9998341 -0.0101139 114.6314 -0.2369292 0.0134166 0.9714343 0.7527848 0 0 0 1
83 1 0.9714088 -0.01232058 0.2370932 -2.765817 0.01514962 0.9998341 -0.0101139 114.6314 -0.2369292 0.0134166 0.9714343 0.7527848 0 0 0 1
84 0 0.9713878 -0.01230558 0.2371799 -2.231652 0.01514543 0.9998337 -0.01015496 114.6314 -0.2370155 0.01345659 0.9714127 0.7576761 0 0 0 1
84 1 0.9713878 -0.01230558 0.2371799 -2.764377 0.01514543 0.9998337 -0.01015496 114.6314 -0.2370155 0.01345659 0.9714127 0.7576762 0 0 0 1
85 0 0.9713944 -0.01232958 0.2371515 -2.234653 0.01515778 0.9998341 -0.010106 114.6314 -0.2369876 0.0134116 0.9714201 0.7528595 0 0 0 1
85 1 0.9713944 -0.01232958 0.2371515 -2.767378 0.01515778 0.9998341 -0.010106 114.6314 -0.2369876 0.0134116 0.9714201 0.7528594 0 0 0 1
86 0 0.9713786 -0.01230958 0.2372176 -2.232382 0.01514568 0.9998339 -0.01013691 114.6314 -0.2370534 0.01343959 0.9714037 0.7565812 0 0 0 1
86 1 0.9713786 -0.01230958 0.2372176 -2.765107 0.01514568 0.9998339 -0.01013691 114.6314 -0.2370534 0.01343959 0.9714037 0.7565813 0 0 0 1
87 0 0.971374 -0.01235258 0.2372338 -2.237345 0.01517102 0.9998343 -0.01005846 114.6313 -0.2370702 0.0133696 0.9714005 0.7485356 0 0 0 1
87 1 0.971374 -0.01235258 0.2372338 -2.77007 0.01517102 0.9998343 -0.01005846 114.6314 -0.2370702 0.0133696 0.9714005 0.7485357 0 0 0 1
88 0 0.9713526 -0.01237957 0.2373199 -2.240112 0.01520596 0.9998335 -0.01008277 114.6313 -0.2371556 0.0134026 0.9713792 0.7522424 0 0 0 1
88 1 0.9713526 -0.01237957 0.2373199 -2.772837 0.01520596 0.9998335 -0.01008277 114.6313 -0.2371556 0.0134026 0.9713792 0.7522423 0 0 0 1
89 0 0.9713489 -0.01235258 0.2373368 -2.236994 0.01517423 0.9998342 -0.01006559 114.6313 -0.2371732 0.0133786 0.9713753 0.7500384 0 0 0 1
89 1 0.9713489 -0.01235258 0.2373368 -2.769719 0.01517423 0.9998342 -0.01006559 114.6313 -0.2371732 0.0133786 0.9713753 0.7500384 0 0 0 1
90 0 0.9713288 -0.01237457 0.237418 -2.239185 0.01520331 0.9998335 -0.01008727 114.6313 -0.2372536 0.0134076 0.9713552 0.7532005 0 0 0 1
90 1 0.9713288 -0.01237457 0.237418 -2.77191 0.01520331 0.9998335 -0.01008727 114.6313 -0.2372536 0.0134076 0.9713552 0.7532004 0 0 0 1
91 0 0.9713307 -0.01236056 0.2374108 -2.237728 0.0152041 0.9998329 -0.01014997 114.6312 -0.2372457 0.0134686 0.9713563 0.7601653 0 0 0 1
91 1 0.9713307 -0.01236056 0.2374108 -2.770453 0.0152041 0.9998329 -0.01014997 114.6313 -0.2372457 0.0134686 0.9713563 0.7601653 0 0 0 1
92 0 0.9713178 -0.01237057 0.2374629 -2.238843 0.01520464 0.9998333 -0.01010695 114.6313 -0.2372983 0.0134276 0.971344 0.7556642 0 0 0 1
92 1 0.9713178 -0.01237057 0.2374629 -2.771568 0.01520464 0.9998333 -0.01010695 114.6313 -0.2372983 0.0134276 0.971344 0.7556642 0 0 0 1
93 0 0.9713294 -0.01230657 0.237419 -2.231199 0.01515008 0.9998336 -0.01015585 114.6314 -0.2372545 0.0134616 0.9713542 0.7595366 0 0 0 1
93 1 0.9713294 -0.01230657 0.237419 -2.763924 0.01515008 0.9998336 -0.01015585 114.6314 -0.2372545 0.0134616 0.9713542 0.7595366 0 0 0 1
94 0 0.9713235 -0.01237558 0.2374392 -2.238825 0.01519857 0.9998339 -0.01006242 114.6313 -0.2372752 0.0133826 0.9713503 0.7505954 0 0 0 1
94 1 0.9713235 -0.01237558 0.2374392 -2.77155 0.01519857 0.9998339 -0.01006242 114.6313 -0.2372752 0.0133826 0.9713503 0.7505953 0 0 0 1
95 0 0.9713085 -0.01237357 0.2375008 -2.238243 0.01520676 0.9998333 -0.01010079 114.6313 -0.2373362 0.0134226 0.9713348 0.755176 0 0 0 1
95 1 0.9713085 -0.01237357 0.2375008 -2.770967 0.01520676 0.9998333 -0.01010079 114.6313 -0.2373362 0.0134226 0.9713348 0.7551761 0 0 0 1
96 0 0.971323 -0.01232858 0.237444 -2.233241 0.01516388 0.9998338 -0.01011818 114.6314 -0.2372798 0.0134286 0.9713485 0.7561336 0 0 0 1
96 1 0.971323 -0.01232858 0.237444 -2.765966 0.01516388 0.9998338 -0.01011818 114.6314 -0.2372798 0.0134286 0.9713485 0.7561334 0 0 0 1
97 0 0.9713226 -0.01235157 0.2374443 -2.234987 0.01518789 0.9998335 -0.01011952 114.6313 -0.2372798 0.0134356 0.9713485 0.7562778 0 0 0 1
97 1 0.9713226 -0.01235157 0.2374443 -2.767712 0.01518789 0.9998335 -0.01011952 114.6313 -0.2372798 0.0134356 0.9713485 0.7562778 0 0 0 1
98 0 0.9713132 -0.01240356 0.23748 -2.240269 0.01524279 0.9998326 -0.01012314 114.6312 -0.2373147 0.0134526 0.9713397 0.7574731 0 0 0 1
98 1 0.9713132 -0.01240356 0.23748 -2.772994 0.01524279 0.9998326 -0.01012314 114.6312 -0.2373147 0.0134526 0.9713397 0.7574732 0 0 0 1
99 0 0.971315 -0.01243955 0.237471 -2.243829 0.01528478 0.9998317 -0.01014388 114.6311 -0.2373049 0.01348259 0.9713417 0.759876 0 0 0 1
99 1 0.971315 -0.01243955 0.237471 -2.776554 0.01528478 0.9998317 -0.01014388 114.6311 -0.2373049 0.01348259 0.9713417 0.7598761 0 0 0 1
100 0 0.9713121 -0.01238456 0.2374856 -2.237346 0.01522226 0.9998329 -0.01011881 114.6313 -0.2373206 0.01344359 0.9713383 0.7550347 0 0 0 1
100 1 0.9713121 -0.01238456 0.2374856 -2.770072 0.01522226 0.9998329 -0.01011881 114.6313 -0.2373206 0.01344359 0.9713383 0.7550348 0 0 0 1
101 0 0.9713176 -0.01238856 0.2374628 -2.237535 0.01523516 0.9998323 -0.01015611 114.6313 -0.2372971 0.01348259 0.9713436 0.7590825 0 0 0 1
101 1 0.9713176 -0.01238856 0.2374628 -2.770261 0.01523516 0.9998323 -0.01015611 114.6313 -0.2372971 0.01348259 0.9713436 0.7590823 0 0 0 1
102 0 0.9712985 -0.01239955 0.2375405 -2.238616 0.01526231 0.9998313 -0.0102164 114.6312 -0.2373737 0.01354859 0.9713239 0.7660652 0 0 0 1
102 1 0.9712985 -0.01239955 0.2375405 -2.771341 0.01526231 0.9998313 -0.0102164 114.6312 -0.2373737 0.01354859 0.9713239 0.7660654 0 0 0 1
103 0 0.9712989 -0.01246254 0.2375354 -2.245328 0.01530897 0.9998314 -0.01014226 114.6311 -0.237369 0.01348759 0.9713259 0.7585601 0 0 0 1
103 1 0.9712989 -0.01246254 0.2375354 -2.778053 0.01530897 0.9998314 -0.01014226 114.6311 -0.237369 0.01348759 0.9713259 0.75856 0 0 0 1
104 0 0.9713017 -0.01242953 0.2375258 -2.241004 0.0153041 0.9998302 -0.01026196 114.6311 -0.2373579 0.01360258 0.971327 0.7709525 0 0 0 1
104 1 0.9713017 -0.01242953 0.2375258 -2.773729 0.0153041 0.9998302 -0.01026196 114.6311 -0.2373579 0.01360258 0.971327 0.7709526 0 0 0 1
105 0 0.9712827 -0.01243753 0.2376032 -2.241588 0.01530557 0.9998305 -0.0102297 114.6311 -0.2374357 0.01357258 0.9713084 0.7671104 0 0 0 1
105 1 0.9712827 -0.01243753 0.2376032 -2.774313 0.01530557 0.9998305 -0.0102297 114.6311 -0.2374357 0.01357258 0.9713084 0.7671103 0 0 0 1
106 0 0.9712893 -0.01243853 0.2375762 -2.241661 0.01530863 0.9998304 -0.0102396 114.6311 -0.2374085 0.01358258 0.9713149 0.7679714 0 0 0 1
106 1 0.9712893 -0.01243853 0.2375762 -2.774385 0.01530863 0.9998304 -0.0102396 114.6311 -0.2374085 0.01358258 0.9713149 0.7679715 0 0 0 1
107 0 0.9713103 -0.01251553 0.237486 -2.24995 0.01536752 0.9998303 -0.01016155 114.631 -0.2373185 0.01351959 0.9713378 0.7598115 0 0 0 1
107 1 0.9713103 -0.01251553 0.237486 -2.782675 0.01536752 0.9998303 -0.01016155 114.631 -0.2373185 0.01351959 0.9713378 0.7598114 0 0 0 1
108 0 0.9712826 -0.01244953 0.2376029 -2.242275 0.01532553 0.9998299 -0.01026086 114.6311 -0.2374347 0.01360758 0.9713082 0.7689227 0 0 0 1
108 1 0.9712826 -0.01244953 0.2376029 -2.775 0.01532553 0.9998299 -0.01026086 114.6311 -0.2374347 0.01360758 0.9713082 0.7689225 0 0 0 1
109 0 0.9712842 -0.01247853 0.2375948 -2.245177 0.01534198 0.9998302 -0.0102065 114.6311 -0.2374271 0.01355858 0.9713107 0.7627584 0 0 0 1
109 1 0.9712842 -0.01247853 0.2375948 -2.777902 0.01534198 0.9998302 -0.0102065 114.6311 -0.2374271 0.01355858 0.9713107 0.7627583 0 0 0 1
110 0 0.9712682 -0.01255452 0.237656 -2.252967 0.01542118 0.999829 -0.01020691 114.6309 -0.2374872 0.01357858 0.9712958 0.7641432 0 0 0 1
110 1 0.9712682 -0.01255452 0.237656 -2.785693 0.01542118 0.999829 -0.01020691 114.6309 -0.2374872 0.01357858 0.9712958 0.7641433 0 0 0 1
111 0 0.9712536 -0.01250253 0.2377184 -2.246734 0.01536801 0.9998298 -0.01020467 114.6311 -0.2375503 0.01356459 0.9712805 0.7620932 0 0 0 1
111 1 0.9712536 -0.01250253 0.2377184 -2.779459 0.01536801 0.9998298 -0.01020467 114.6311 -0.2375503 0.01356459 0.9712805 0.7620933 0 0 0 1
112 0 0.9712472 -0.01247653 0.2377463 -2.242708 0.0153421 0.9998302 -0.01020652 114.6312 -0.2375786 0.01356058 0.9712737 0.7606395 0 0 0 1
112 1 0.9712472 -0.01247653 0.2377463 -2.775434 0.0153421 0.9998302 -0.01020652 114.6312 -0.2375786 0.01356058 0.9712737 0.7606394 0 0 0 1
113 0 0.9712531 -0.01250552 0.2377205 -2.245556 0.01537474 0.9998296 -0.01021947 114.6311 -0.2375522 0.01358058 0.9712799 0.7623605 0 0 0 1
113 1 0.9712531 -0.01250552 0.2377205 -2.778281 0.01537474 0.9998296 -0.01021947 114.6311 -0.2375522 0.01358058 0.9712799 0.7623604 0 0 0 1
114 0 0.9712522 -0.01246054 0.2377264 -2.240116 0.01532137 0.9998307 -0.01019024 114.6312 -0.2375592 0.01353959 0.9712787 0.7569894 0 0 0 1
114 1 0.9712522 -0.01246054 0.2377264 -2.772841 0.01532137 0.9998307 -0.01019024 114.6312 -0.2375592 0.01353959 0.9712787 0.7569894 0 0 0 1
115 0 0.9712356 -0.01247552 0.2377935 -2.241369 0.01535279 0.9998296 -0.01025167 114.6312 -0.2376251 0.01360758 0.9712616 0.7637717 0 0 0 1
115 1 0.9712356 -0.01247552 0.2377935 -2.774094 0.01535279 0.9998296 -0.01025167 114.6312 -0.2376251 0.01360758 0.9712616 0.7637717 0 0 0 1
116 0 0.9712375 -0.01254052 0.2377825 -2.248232 0.01539799 0.9998298 -0.01016354 114.6311 -0.2376146 0.01353259 0.9712653 0.7546625 0 0 0 1
116 1 0.9712375 -0.01254052 0.2377825 -2.780957 0.01539799 0.9998298 -0.01016354 114.6311 -0.2376146 0.01353259 0.9712653 0.7546625 0 0 0 1
117 0 0.971239 -0.01246053 0.2377804 -2.238826 0.01533191 0.9998301 -0.01023019 114.6313 -0.2376125 0.01358158 0.9712651 0.7595016 0 0 0 1
117 1 0.971239 -0.01246053 0.2377804 -2.771551 0.01533191 0.9998301 -0.01023019 114.6313 -0.2376125 0.01358158 0.9712651 0.7595016 0 0 0 1
118 0 0.971238 -0.01244453 0.2377854 -2.236544 0.0153207 0.9998301 -0.01025139 114.6313 -0.2376174 0.01359958 0.9712636 0.7603477 0 0 0 1
118 1 0.971238 -0.01244453 0.2377854 -2.769269 0.0153207 0.9998301 -0.01025139 114.6313 -0.2376174 0.01359958 0.9712636 0.7603477 0 0 0 1
119 0 0.9712475 -0.01242952 0.2377474 -2.233984 0.01532853 0.9998289 -0.01034881 114.6313 -0.2375781 0.01369557 0.9712719 0.7704293 0 0 0 1
119 1 0.9712475 -0.01242952 0.2377474 -2.766709 0.01532853 0.9998289 -0.01034881 114.6313 -0.2375781 0.01369557 0.9712719 0.7704294 0 0 0 1
120 0 0.9712356 -0.01250352 0.2377923 -2.24204 0.01536976 0.9998298 -0.01020327 114.6312 -0.2376242 0.01356458 0.9712625 0.7547067 0 0 0 1
120 1 0.9712356 -0.01250352 0.2377923 -2.774765 0.01536976 0.9998298 -0.01020327 114.6312 -0.2376242 0.01356458 0.9712625 0.7547067 0 0 0 1
121 0 0.9712601 -0.0125375 0.23769 -2.24547 0.01542615 0.999828 -0.01029686 114.6311 -0.23752 0.01366758 0.9712865 0.7653146 0 0 0 1
121 1 0.9712601 -0.0125375 0.23769 -2.778195 0.01542615 0.999828 -0.01029686 114.6311 -0.23752 0.01366758 0.9712865 0.7653146 0 0 0 1
122 0 0.9712692 -0.01246552 0.2376567 -2.236756 0.01534567 0.9998295 -0.01027272 114.6313 -0.2374881 0.01362458 0.9712949 0.759344 0 0 0 1
122 1 0.9712692 -0.01246552 0.2376567 -2.769481 0.01534567 0.9998295 -0.01027272 114.6313 -0.2374881 0.01362458 0.9712949 0.759344 0 0 0 1
123 0 0.9712554 -0.01244351 0.2377145 -2.234023 0.01534058 0.9998289 -0.01034115 114.6313 -0.2375452 0.01369057 0.97128 0.7657803 0 0 0 1
123 1 0.9712554 -0.01244351 0.2377145 -2.766748 0.01534058 0.9998289 -0.01034115 114.6313 -0.2375452 0.01369057 0.97128 0.7657804 0 0 0 1
124 0 0.9712677 -0.01249151 0.2376616 -2.239363 0.01538521 0.9998283 -0.01032476 114.6312 -0.2374918 0.01368457 0.9712932 0.764071 0 0 0 1
124 1 0.9712677 -0.01249151 0.2376616 -2.772088 0.01538521 0.9998283 -0.01032476 114.6312 -0.2374918 0.01368457 0.9712932 0.764071 0 0 0 1
125 0 0.9712731 -0.01248451 0.2376397 -2.238579 0.01537082 0.9998288 -0.01029665 114.6313 -0.2374705 0.01365358 0.9712988 0.7598375 0 0 0 1
125 1 0.9712731 -0.01248451 0.2376397 -2.771304 0.01537082 0.9998288 -0.01029665 114.6313 -0.2374705 0.01365358 0.9712988 0.7598376 0 0 0 1
126 0 0.9712832 -0.01245451 0.2376001 -2.235132 0.01535076 0.9998287 -0.01034326 114.6314 -0.2374305 0.01369357 0.971308 0.7635461 0 0 0 1
126 1 0.9712832 -0.01245451 0.2376001 -2.767857 0.01535076 0.9998287 -0.01034326 114.6314 -0.2374305 0.01369357 0.971308 0.7635461 0 0 0 1
127 0 0.9712844 -0.0125025 0.2375928 -2.240449 0.01539659 0.9998281 -0.01032906 114.6313 -0.2374228 0.01369057 0.9713099 0.7621925 0 0 0 1
127 1 0.9712844 -0.0125025 0.2375928 -2.773174 0.01539659 0.9998281 -0.01032906 114.6313 -0.2374228 0.01369057 0.9713099 0.7621924 0 0 0 1
128 0 0.9712994 -0.0124405 0.2375346 -2.233722 0.01535117 0.999828 -0.01040784 114.6314 -0.2373642 0.01375557 0.9713233 0.7688497 0 0 0 1
128 1 0.9712994 -0.0124405 0.2375346 -2.766447 0.01535117 0.999828 -0.01040784 114.6314 -0.2373642 0.01375557 0.9713233 0.7688497 0 0 0 1
129 0 0.9713009 -0.01242952 0.2375292 -2.232503 0.01531268 0.9998297 -0.01029688 114.6315 -0.2373607 0.01363858 0.9713258 0.7549706 0 0 0 1
129 1 0.9713009 -0.01242952 0.2375292 -2.765229 0.01531268 0.9998297 -0.01029688 114.6315 -0.2373607 0.01363858 0.9713258 0.7549706 0 0 0 1
130 0 0.9712947 -0.0124555 0.2375531 -2.235657 0.01536238 0.999828 -0.01038942 114.6313 -0.2373828 0.01374057 0.971319 0.7661939 0 0 0 1
130 1 0.9712947 -0.0124555 0.2375531 -2.768382 0.01536238 0.999828 -0.01038942 114.6313 -0.2373828 0.01374057 0.971319 0.7661939 0 0 0 1
131 0 0.971299 -0.01245351 0.2375357 -2.235497 0.01534436 0.9998289 -0.01032508 114.6314 -0.2373665 0.01367357 0.971324 0.757979 0 0 0 1
131 1 0.971299 -0.01245351 0.2375357 -2.768222 0.01534436 0.9998289 -0.01032508 114.6314 -0.2373665 0.01367357 0.971324 0.7579789 0 0 0 1
132 0 0.9712996 -0.01242053 0.2375347 -2.231843 0.0153002 0.9998301 -0.01028339 114.6315 -0.2373666 0.01362258 0.9713246 0.7516217 0 0 0 1
132 1 0.9712996 -0.01242053 0.2375347 -2.764567 0.0153002 0.9998301 -0.01028339 114.6315 -0.2373666 0.01362258 0.9713246 0.7516218 0 0 0 1
133 0 0.9713274 -0.01248551 0.2374176 -2.239559 0.01537466 0.9998285 -0.0103213 114.6313 -0.237248 0.01367558 0.9713529 0.7574664 0 0 0 1
133 1 0.9713274 -0.01248551 0.2374176 -2.772285 0.01537466 0.9998285 -0.0103213 114.6313 -0.237248 0.01367558 0.9713529 0.7574664 0 0 0 1
134 0 0.9713364 -0.01242852 0.237384 -2.233386 0.01532131 0.9998291 -0.01034507 114.6315 -0.2372148 0.01368557 0.9713608 0.7586084 0 0 0 1
134 1 0.9713364 -0.01242852 0.237384 -2.766111 0.01532131 0.9998291 -0.01034507 114.6315 -0.2372148 0.01368557 0.9713608 0.7586085 0 0 0 1
135 0 0.971343 -0.0124235 0.2373573 -2.233329 0.01534367 0.9998276 -0.01045937 114.6314 -0.2371864 0.01380156 0.9713661 0.7716718 0 0 0 1
135 1 0.971343 -0.0124235 0.2373573 -2.766054 0.01534367 0.9998276 -0.01045937 114.6314 -0.2371864 0.01380156 0.9713661 0.7716718 0 0 0 1
136 0 0.9713327 -0.01242552 0.2373991 -2.23372 0.01530955 0.9998296 -0.01030863 114.6315 -0.2372306 0.01364758 0.9713575 0.7539364 0 0 0 1
136 1 0.9713327 -0.01242552 0.2373991 -2.766445 0.01530955 0.9998296 -0.01030863 114.6315 -0.2372306 0.01364758 0.9713575 0.7539364 0 0 0 1
137 0 0.9713359 -0.01241851 0.2373863 -2.233299 0.01532111 0.9998287 -0.01038626 114.6314 -0.2372167 0.01372557 0.9713598 0.762612 0 0 0 1
137 1 0.9713359 -0.01241851 0.2373863 -2.766025 0.01532111 0.9998287 -0.01038626 114.6314 -0.2372167 0.01372557 0.9713598 0.762612 0 0 0 1
138 0 0.9713421 -0.01246452 0.2373586 -2.238393 0.01534628 0.9998292 -0.0102971 114.6314 -0.2371897 0.01364458 0.9713675 0.7531255 0 0 0 1
138 1 0.9713421 -0.01246452 0.2373586 -2.771118 0.01534628 0.9998292 -0.0102971 114.6314 -0.2371897 0.01364458 0.9713675 0.7531253 0 0 0 1
139 0 0.9713449 -0.01236352 0.2373526 -2.22696 0.01526448 0.9998295 -0.01038818 114.6316 -0.2371837 0.01371357 0.971368 0.760982 0 0 0 1
139 1 0.9713449 -0.01236352 0.2373526 -2.759686 0.01526448 0.9998295 -0.01038818 114.6316 -0.2371837 0.01371357 0.971368 0.760982 0 0 0 1
140 0 0.9713381 -0.01241252 0.2373779 -2.232705 0.01530286 0.9998295 -0.0103373 114.6315 -0.2372091 0.01367357 0.9713624 0.7560092 0 0 0 1
140 1 0.9713381 -0.01241252 0.2373779 -2.76543 0.01530286 0.9998295 -0.0103373 114.6315 -0.2372091 0.01367357 0.9713624 0.7560093 0 0 0 1
141 0 0.9713503 -0.01244051 0.2373264 -2.235914 0.01534159 0.9998284 -0.01038102 114.6314 -0.2371565 0.01372457 0.9713745 0.7617705 0 0 0 1
141 1 0.9713503 -0.01244051 0.2373264 -2.76864 0.01534159 0.9998284 -0.01038102 114.6314 -0.2371565 0.01372457 0.9713745 0.7617705 0 0 0 1
142 0 0.9713498 -0.01241453 0.2373299 -2.23294 0.01529789 0.9998298 -0.01031135 114.6315 -0.2371615 0.01364658 0.9713744 0.7525759 0 0 0 1
142 1 0.9713498 -0.01241453 0.2373299 -2.765665 0.01529789 0.9998298 -0.01031135 114.6315 -0.2371615 0.01364658 0.9713744 0.752576 0 0 0 1
143 0 0.9713773 -0.01232853 0.2372217 -2.22335 0.01522056 0.9998304 -0.01036356 114.6317 -0.2370537 0.01367757 0.9714003 0.75594 0 0 0 1
143 1 0.9713773 -0.01232853 0.2372217 -2.756075 0.01522056 0.9998304 -0.01036356 114.6317 -0.2370537 0.01367757 0.9714003 0.75594 0 0 0 1
144 0 0.9713764 -0.01234653 0.2372246 -2.225428 0.0152357 0.9998304 -0.01034953 114.6317 -0.2370566 0.01366757 0.9713997 0.7545164 0 0 0 1
